3.83
-1.14
-2.23
-0.85
7.93
-6.65
3.86
-5.08
-3.51
4.21
-6.38
-9.73
-3.10
-9.41
7.63
9.26
-4.60
4.26
1.72
7.36
2.11
3.68
-4.33
-5.71
7.82
5.30
-1.38
1.23
-9.33
1.35
9.29
8.02
-9.78
0.58
0.69
-8.33
3.93
-5.44
0.11
-9.58
-7.71
3.73
-5.79
-0.81
7.84
-4.63
1.98
-6.76
-6.85
-6.30
-5.87
5.26
-9.09
-0.20
9.56
8.73
-1.38
1.70
-0.04
2.81
-6.95
-0.75
0.84
-6.73
-6.64
-4.95
-1.54
7.29
3.13
8.57
-8.76
8.95
5.82
-4.55
-1.86
3.67
4.34
-6.36
-9.57
7.50
0.87
-1.92
2.76
1.78
7.88
5.84
4.03
-3.49
-2.46
-6.01
9.32
0.60
6.76
3.68
7.39
-9.88
-7.74
-4.14
-9.06
5.39
-2.05
-4.30
4.34
-6.22
4.67
-3.99
-9.03
-0.98
3.17
-5.08
-3.48
-2.44
3.01
-7.20
-7.14
4.41
8.65
6.89
-5.56
-3.81
-5.60
-2.71
-9.69
-8.83
-9.03
7.71
-5.19
-3.25
-2.91
-0.73
-4.33
8.56
4.97
-6.47
-4.14
-0.35
3.06
-3.17
-7.81
-3.76
5.28
-1.29
7.32
-1.71
5.03
-9.81
-7.30
3.68
7.08
-2.85
-6.60
-8.51
7.96
-2.77
-3.82
-7.55
-1.54
4.51
-0.79
5.55
-6.21
4.88
7.64
-7.72
8.41
-6.50
1.93
5.00
0.34
7.64
-8.76
-0.86
-0.13
8.56
7.43
-5.09
-7.73
-6.35
8.59
9.36
4.32
-4.49
-5.63
2.28
2.75
4.07
4.74
-8.79
-1.42
-6.05
-9.71
2.37
-7.65
7.93
8.18
-5.72
-8.57
0.11
9.28
5.29
-2.24
-5.96
-5.57
7.63
-3.87
-4.62
-3.94
-1.60
-0.96
-1.82
1.28
-3.12
3.69
9.17
9.17
-0.04
3.24
7.43
4.70
-8.17
-5.10
4.99
7.72
-2.75
6.44
5.90
5.05
-8.61
-0.46
7.86
6.69
-9.18
-4.58
-5.36
-8.03
5.07
3.55
-1.96
-6.52
-3.89
6.22
8.28
2.99
3.43
7.46
5.68
-6.60
4.22
3.11
8.10
6.05
8.01
6.61
7.30
-1.22
3.05
3.20
-2.64
4.44
-3.74
-4.78
4.65
-2.92
4.16
-7.18
2.58
-0.76
6.37
-9.38
6.24
-4.00
-9.64
4.52
8.99
3.79
5.50
4.68
-9.29
-0.27
1.31
8.81
-0.70
-0.67
8.94
-3.40
-8.37
1.99
9.81
-1.01
-0.04
-0.41
7.73
-1.87
6.68
1.90
0.95
-0.74
-5.34
0.84
3.40
-9.10
6.84
3.76
5.42
9.36
1.07
4.45
7.56
1.79
-5.82
-1.13
4.12
3.48
-8.28
6.59
-9.91
-6.64
2.10
-6.58
5.87
-7.94
3.01
7.13
3.72
3.21
2.55
-1.81
-4.01
7.21
9.04
9.39
8.11
9.40
6.67
7.05
-7.72
1.27
1.50
9.84
-3.42
9.20
2.24
-5.78
2.69
3.96
-9.19
6.30
-9.16
2.92
9.72
6.72
8.50
6.25
3.85
2.22
2.99
-3.60
-9.58
8.98
-2.87
-7.02
-8.10
-4.76
-4.10
-7.91
-4.19
-1.81
3.36
7.32
1.55
9.94
-9.96
-6.21
-2.31
2.73
7.76
-1.50
2.55
8.60
-8.58
5.79
8.84
9.93
2.05
6.21
5.67
-4.96
-3.87
9.61
-2.46
3.26
-7.41
-0.56
-7.98
2.02
5.06
-2.16
-9.79
-1.58
-1.32
5.28
1.89
-1.28
9.08
9.58
-5.02
-9.64
-1.92
7.53
-7.52
3.03
3.33
-8.67
6.48
-1.10
7.54
5.67
7.46
-6.32
5.29
-5.00
-9.54
7.88
7.97
-7.51
-0.10
3.03
0.33
3.63
-5.03
-7.47
-1.08
6.86
1.25
1.52
9.96
9.75
1.88
1.57
7.29
4.36
-5.40
4.14
9.21
-5.40
-6.96
-9.72
-9.73
-9.50
-2.52
5.56
-0.98
-2.06
6.97
-3.01
0.43
0.39
-9.98
-5.72
-5.97
-5.00
-3.19
6.47
-4.62
-8.41
1.51
-4.65
-8.66
-6.61
6.92
-7.85
-8.73
-4.96
6.29
-9.51
-0.36
-7.15
-5.71
3.43
-6.65
1.77
-1.00
2.38
9.71
-0.51
-7.11
3.67
9.88
-7.08
7.95
-2.57
1.44
-1.71
-6.10
6.82
3.40
5.41
-4.31
8.26
-7.68
-7.39
-9.58
-6.40
1.17
-9.77
-2.39
-9.19
-6.91
1.90
4.25
-0.04
-6.33
-3.23
-7.66
-3.10
6.26
-4.76
-9.43
6.14
1.68
-7.95
-6.42
-6.88
3.86
1.00
-6.54
-2.74
-0.06
-0.84
-4.48
5.78
5.29
-0.54
-7.10
-3.53
-0.30
0.51
0.80
6.31
-4.07
-1.43
-3.73
3.12
8.86
2.14
-6.45
5.12
-9.10
-5.88
4.79
6.10
-0.31
-8.11
-7.26
-6.45
6.41
-3.80
4.33
-0.13
8.88
-6.62
-4.34
7.70
2.84
-1.44
-5.83
-3.94
-7.40
8.49
-7.63
2.05
0.59
2.17
-4.82
-0.55
-2.17
-1.27
-5.42
-1.27
6.37
-7.11
-5.17
-3.93
-5.22
-2.43
3.14
-5.29
7.29
1.00
4.59
6.18
4.38
-9.75
3.88
0.74
2.33
-8.43
6.81
4.93
-6.42
-7.30
-3.01
4.17
8.39
5.69
-6.37
-3.78
-2.06
1.73
8.47
-5.69
4.62
-3.18
3.90
-7.08
7.91
0.57
1.15
5.21
-8.43
-4.26
4.91
9.47
-0.49
2.31
0.21
-4.63
7.40
0.54
-9.70
-9.02
3.25
0.81
5.16
5.16
0.02
-7.69
-8.61
7.96
4.04
-6.62
-4.20
2.18
0.21
9.70
8.62
-1.88
3.79
-0.23
-3.15
5.36
9.04
-8.24
4.83
2.07
7.59
-1.43
7.44
4.99
9.11
-8.73
9.50
2.36
5.60
8.18
1.05
-4.37
-9.51
2.44
-2.89
8.05
9.34
2.91
3.75
-0.45
6.14
5.89
7.68
-0.07
-0.82
-1.95
-1.18
-1.78
-0.18
-2.83
-9.70
0.93
5.74
-8.74
-4.07
4.86
-7.47
-4.57
0.74
8.14
-2.87
-8.21
-6.23
-2.38
7.75
0.88
-0.81
7.10
-2.68
-7.06
0.17
-6.54
-7.65
1.37
6.91
1.53
9.43
-4.27
-6.72
-0.75
2.91
-2.90
-9.82
2.17
-1.64
-0.37
0.55
0.90
8.58
-8.70
-0.96
-4.29
-3.39
6.33
6.85
-2.11
0.73
-3.96
-1.49
8.05
2.50
8.68
-4.97
4.85
0.06
-8.05
-3.61
-0.51
1.20
-0.33
-7.74
-2.37
6.77
-4.04
9.81
-1.35
5.60
0.36
9.55
7.70
5.18
2.11
-6.58
-4.68
1.96
-6.21
3.21
-7.30
-0.16
-8.28
-5.73
-7.66
-9.60
2.83
-9.28
3.98
8.30
0.63
-6.53
-0.50
-9.70
-4.27
7.14
-9.41
5.22
-9.53
-0.76
0.82
4.35
2.32
2.04
-0.46
-5.57
8.98
4.86
6.40
-7.22
1.59
-7.38
2.62
6.83
0.41
8.48
7.23
-6.76
-7.28
1.22
-8.46
3.35
8.21
4.57
3.65
-2.53
1.71
7.76
-7.31
2.18
-2.99
7.03
-3.47
9.33
-0.93
9.59
-2.72
-1.94
7.97
-2.80
0.84
3.08
3.34
-3.02
-0.09
-6.24
-1.02
-2.85
0.52
1.71
-8.11
5.59
-4.94
-9.90
0.16
-7.76
1.09
-4.61
-10.00
3.78
-8.91
0.53
0.81
1.14
3.38
9.89
4.26
-9.33
1.47
2.23
-2.13
-7.69
-4.68
-8.78
2.81
8.75
-1.50
-8.21
-4.10
-7.46
3.50
1.31
8.13
8.57
4.94
1.81
-9.19
-3.97
7.20
-5.67
9.82
-8.19
4.87
4.15
2.96
-1.75
4.04
-2.78
-1.08
-4.49
-7.03
-9.68
1.34
1.81
-4.94
-5.85
0.57
7.08
-4.05
9.99
9.62
-7.03
4.83
7.76
-8.46
-0.23
3.09
-4.13
9.32
3.82
0.21
-7.34
5.63
-1.40
6.82
2.11
6.85
0.86
-7.15
-0.70
9.90
-4.17
3.14
4.76
-8.84
8.20
8.92
5.25
5.28
-1.61
5.25
4.90
1.36
3.60
6.18
6.43
-6.63
-0.72
-4.18
-3.79
-6.90
9.55
-1.12
-7.75
-1.85
-4.30
4.37
-1.47
-9.92
7.22
7.83
-6.50
-3.43
0.97
8.27
1.26
2.69
-9.29
-3.49
1.49
-0.90
-4.72
-3.61
-6.02
8.88
-3.90
-6.07
-4.23
8.90
-0.24
1.99
-4.48
-0.69
-9.13
-2.23
-9.01
-3.43
-4.34
-0.48
0.17
-3.59
-2.65
3.68
2.98
-8.16
1.95
-2.24
8.05
2.66
4.28
-0.46
-4.72
-6.92
5.93
2.78
-8.03
-4.45
6.72
-2.26
-5.55
0.00
-6.75
-0.03
-7.17
-5.88
-8.73
-6.18
4.21
-3.07
3.34
-5.61
3.34
-5.79
-8.41
-0.15
-0.43
3.54
7.61
-2.38
-0.28
5.41
7.16
8.52
8.50
6.62
4.82
-6.01
-7.83
1.54
1.73
0.15
-4.94
8.51
-6.36
-2.10
-7.37
-5.09
1.72
-9.63
5.37
-1.41
-1.72
-1.29
2.80
-0.13
8.56
-4.10
-6.59
9.70
3.52
6.65
5.11
0.69
5.17
3.61
0.83
3.51
-8.88
3.00
-4.94
6.38
-3.33
3.64
4.89
0.32
-8.46
-8.96
8.75
6.79
-8.59
4.12
-4.62
-0.31
-3.64
-8.30
9.56
-1.56
-2.40
-3.51
-1.86
-5.35
-6.86
-6.74
8.86
-8.17
-9.61
-0.31
5.35
-8.48
-3.79
-6.07
7.90
2.89
-8.91
6.31
-3.27
-7.36
7.35
-4.52
-7.05
8.77
-6.87
-1.67
1.98
-0.51
3.55
1.55
7.93
-5.32
-8.44
-0.40
-0.67
-1.77
2.86
1.71
3.58
6.77
-8.60
2.45
-8.19
-2.39
9.90
-6.77
-9.50
-9.00
9.54
0.75
-6.36
-9.58
6.24
-3.41
9.19
-7.11
8.44
4.69
2.38
5.51
-0.24
3.83
-9.81
1.33
-6.57
3.04
9.56
9.81
-5.25
6.66
-9.89
-0.33
-0.88
-8.08
7.29
-0.98
-1.32
-8.69
0.02
1.74
2.07
7.18
2.16
1.83
-6.23
4.87
4.72
-4.27
-0.43
0.62
-8.75
9.33
-2.03
-5.04
4.18
1.41
-8.47
7.26
4.74
-0.20
3.93
4.85
9.48
-6.95
-9.70
-9.71
5.59
-1.02
-8.40
-4.38
-5.76
7.19
-7.20
6.41
-0.98
0.10
4.80
-2.74
5.83
-2.11
-8.60
7.08
-2.77
-0.62
-4.43
-5.07
-5.69
-2.90
-7.80
9.05
6.90
6.13
3.91
6.38
-7.30
4.21
6.67
8.29
-3.29
-8.20
-2.57
0.95
8.99
0.24
0.88
1.54
-6.14
-4.31
-7.68
9.69
7.10
-6.27
-9.70
-5.67
6.63
-4.13
2.79
-9.06
6.49
4.99
-6.49
3.39
4.64
7.42
3.30
-9.14
5.15
3.49
9.15
-8.14
8.81
0.11
6.34
-8.67
-6.13
-2.78
2.87
-2.27
6.43
5.19
-2.58
3.54
-7.56
1.24
-8.61
-7.41
-9.37
4.18
-6.47
7.12
2.69
-2.95
4.04
-2.67
-2.01
-2.66
-1.81
-6.85
-5.65
0.87
-1.47
-3.31
-5.50
-5.13
-1.98
-1.63
5.62
-9.11
6.10
2.05
9.60
-2.96
-0.89
-4.43
8.29
4.03
-1.84
8.92
-1.79
5.22
6.05
-5.57
-4.21
3.61
5.28
3.78
-5.53
-3.00
-9.55
-1.18
7.87
-1.01
5.51
-4.11
3.86
-6.47
4.26
-0.52
-2.06
0.36
-4.94
1.07
-9.08
4.17
6.64
9.21
-1.80
-5.20
-8.34
9.94
-6.46
-8.77
-5.63
-0.67
4.84
-6.83
-6.88
9.31
0.17
-2.91
1.65
1.56
6.08
0.69
7.45
-0.05
4.22
1.71
-7.05
-4.31
-4.41
-1.99
6.76
-3.48
-4.29
3.40
-0.75
7.43
-8.28
0.91
-9.11
-4.73
5.66
-1.22
8.12
0.50
1.96
-8.76
3.33
-7.87
1.86
-5.01
3.70
-2.06
5.68
1.15
-8.59
3.42
-3.61
-5.63
-7.37
1.98
5.90
9.39
-7.98
-4.87
6.31
1.28
-7.43
8.04
-4.29
-6.54
-3.17
-8.62
2.25
-5.05
5.40
-5.79
-0.28
2.26
-3.66
-8.42
7.25
-6.44
-0.48
6.45
4.72
4.46
3.39
-8.89
8.83
6.03
6.61
8.25
5.42
-7.84
-6.61
1.74
3.44
-4.04
3.30
-7.33
2.94
-9.87
-2.43
-4.81
-1.40
-3.50
2.92
8.32
8.76
-7.21
9.90
9.53
-3.65
2.95
5.98
-8.93
-2.59
-0.63
-4.30
-0.24
-4.60
-4.16
-1.99
-9.17
-2.00
4.92
6.09
-5.04
-5.60
-0.61
-2.37
7.35
3.04
8.73
-3.94
-8.36
-4.77
-7.49
-6.51
-2.49
-4.70
-6.61
-2.96
1.65
9.86
-6.98
6.25
0.79
5.91
-4.53
-5.93
-5.16
1.31
5.61
-0.81
9.31
0.53
-4.72
-5.73
4.94
8.19
5.43
5.81
1.23
7.68
-8.13
6.39
-3.57
-5.62
9.88
3.94
3.20
-3.20
-9.02
-5.14
0.18
-2.48
-5.37
-9.02
-3.05
0.10
-4.95
1.79
-8.58
-9.34
-9.02
-5.75
4.72
-0.22
-1.47
-0.34
-2.03
-2.52
-4.53
-7.28
-4.84
0.86
9.12
1.59
8.77
9.00
-4.47
1.97
-0.68
0.03
-9.65
9.51
-8.93
-5.02
-9.51
1.54
8.61
-0.94
-6.66
-9.97
3.25
-2.16
-5.72
-2.03
7.63
6.33
-8.85
-4.40
-6.19
0.14
1.85
-1.03
-9.00
0.97
-5.92
-6.71
3.49
3.13
8.79
-3.66
-6.84
9.14
-4.15
-2.25
-2.35
-0.14
9.30
-3.74
8.92
-3.84
-3.71
5.69
7.52
4.09
-6.34
5.15
3.95
-1.67
-5.72
7.76
8.47
6.13
0.26
-7.00
0.62
7.86
-3.71
-2.37
1.00
-4.92
3.97
4.16
-2.25
9.82
-4.56
5.40
3.20
-1.74
-4.82
5.65
7.94
4.99
1.34
5.46
-0.92
8.53
0.62
-6.97
-3.14
8.42
-5.68
-4.66
8.07
8.10
-1.66
-1.31
5.96
8.15
9.84
-3.04
-6.76
3.82
-5.35
4.51
7.16
3.61
3.43
0.37
-8.13
8.61
-3.98
9.81
3.60
-9.12
8.79
-3.80
9.41
2.93
-0.76
-3.72
1.35
7.08
1.62
-0.58
8.70
9.96
-8.37
4.66
8.11
-5.00
-4.85
-5.13
-7.66
3.32
-7.10
9.50
-3.07
6.33
3.39
-1.20
4.94
-7.07
2.13
-1.46
-6.18
4.44
4.75
-6.77
-2.62
-2.49
-0.49
8.73
-1.89
-5.35
1.68
-3.19
-1.87
6.83
-5.01
-0.23
-4.65
0.14
4.64
-2.31
-6.54
-8.93
0.72
3.91
7.40
-5.89
-3.77
5.87
0.57
8.36
-2.07
4.39
2.81
-3.80
-8.86
-6.29
3.71
4.18
-4.04
-4.66
8.83
7.64
5.67
-3.03
8.00
-9.33
6.74
-6.65
4.33
4.90
4.57
-8.68
9.49
-4.71
5.23
6.90
2.92
-8.53
6.29
-6.51
-6.65
-5.78
-8.60
9.68
0.43
-7.45
-6.61
-2.34
-9.75
-0.64
6.53
-7.40
0.52
2.20
-0.43
2.04
2.87
-0.17
5.40
-2.79
-1.74
-0.03
2.05
1.27
8.78
-2.72
1.69
1.70
2.27
-2.02
5.20
5.63
2.21
6.60
8.83
-3.84
-7.33
-7.77
3.82
-7.08
5.11
0.35
-4.47
-4.37
-3.92
8.62
7.68
8.95
1.98
6.60
-0.32
-6.24
0.09
-8.27
5.03
-1.13
2.54
-3.27
-9.43
-5.19
8.23
9.29
-6.04
0.44
9.42
-7.20
-9.88
-7.91
-1.45
7.47
-1.46
-6.34
1.34
7.59
2.81
7.42
9.73
4.01
6.38
1.71
4.13
-0.42
8.99
-5.78
4.84
7.55
6.61
0.90
-2.20
-9.29
9.23
-3.97
-10.00
-6.80
-10.00
9.42
-0.48
-9.88
-4.96
8.07
7.59
3.58
-4.75
-1.06
1.17
-8.42
-3.64
0.90
5.60
-3.74
-3.86
-0.27
9.37
-1.35
7.48
4.21
-3.80
4.09
-1.37
4.00
8.32
-2.14
-9.96
8.33
4.58
-6.44
-8.73
-5.90
-6.32
-3.69
-4.31
-8.72
-6.59
4.46
3.74
4.58
6.05
-9.90
-0.99
1.65
-0.11
8.67
-5.10
-0.74
-2.68
-7.62
-3.01
7.05
-10.00
5.62
4.57
8.32
-6.52
4.61
-9.83
8.07
-8.31
-5.03
-4.31
-4.62
1.28
1.39
0.18
4.70
-4.15
-6.08
2.80
-4.58
-2.46
-4.67
7.07
7.43
-6.00
-4.50
0.21
4.85
-2.12
7.20
1.90
1.40
6.34
-3.53
3.25
9.83
-5.39
6.94
-8.58
-3.70
-8.09
0.63
5.20
3.20
-4.46
-4.62
1.42
4.92
-0.70
-5.78
-9.66
6.85
3.08
-9.06
7.80
7.08
-3.56
-1.98
5.45
7.84
-4.78
0.87
-0.75
-8.43
7.35
-3.98
-5.08
-4.52
-7.04
-0.14
5.30
-1.60
-9.51
0.51
-4.88
-0.44
5.89
6.54
-5.52
-1.28
-5.72
-5.18
-4.43
-9.12
-4.24
-6.63
7.97
2.20
1.39
6.94
0.05
-9.86
-2.18
-7.18
-4.77
-1.31
2.36
0.15
4.17
8.84
-6.47
2.99
-2.76
-2.46
-6.50
2.36
7.10
-7.08
2.42
-8.42
1.64
-9.77
-3.59
7.21
-8.89
5.69
-5.90
-7.40
-2.10
9.02
9.55
-8.53
9.16
0.89
-2.19
-5.61
9.58
-9.83
8.06
3.75
9.01
-4.89
-3.26
-0.22
2.65
3.77
-4.34
-0.24
6.69
-8.39
1.34
-1.67
-4.64
-8.73
-0.94
-0.01
6.97
3.16
2.60
-1.61
5.70
5.67
-0.14
4.86
0.08
7.67
-7.23
-0.34
-8.64
-5.65
-3.07
-9.63
-0.54
7.19
3.67
-7.88
0.96
9.34
5.40
1.17
-9.05
-3.26
9.50
-3.69
-1.98
2.08
6.30
-1.49
-4.75
2.42
6.90
-5.53
1.61
-3.24
9.34
-8.31
-2.05
-4.37
1.35
-0.69
3.51
-8.20
3.20
-7.03
9.00
-3.12
-1.39
-0.04
-0.26
-5.99
-8.86
0.69
4.28
-5.84
-9.48
-4.18
6.25
6.82
4.33
-4.98
2.77
1.23
-0.51
-2.10
-8.49
2.35
-0.40
-0.54
7.99
-5.53
-7.71
5.02
-3.72
5.49
7.99
-4.72
-4.11
0.13
8.76
5.63
7.66
9.90
-0.16
1.94
-2.41
0.36
7.76
-6.16
0.71
2.09
2.38
-3.00
-3.16
-4.61
4.90
-1.65
7.75
-5.50
7.81
9.26
2.50
-6.38
4.28
8.78
-7.36
5.79
-2.42
-1.47
-0.56
-3.66
-2.31
-2.89
-0.23
-8.95
-7.43
7.36
1.42
-9.66
-5.28
-4.35
5.95
7.10
2.65
-3.68
-7.51
1.07
4.67
-6.24
5.58
6.01
-6.98
1.60
9.63
-9.18
0.38
-7.73
-9.86
7.96
4.33
-0.42
-5.70
-4.46
6.69
4.07
-3.41
9.27
4.95
8.01
-6.87
9.67
-2.82
-7.40
-9.71
-6.65
-1.08
-3.69
4.43
-2.88
0.07
3.53
-6.87
6.62
-4.87
-3.72
-9.04
5.51
-1.44
-8.90
6.99
-3.59
0.69
-5.19
1.95
0.90
8.89
8.54
3.69
7.36
-9.92
6.82
7.04
-2.74
-7.05
7.33
4.14
1.87
-6.36
-1.43
-7.49
7.24
-7.90
-4.36
7.38
-2.77
1.93
8.34
-3.74
-5.99
9.45
-6.75
3.94
3.66
-1.94
-4.11
-5.44
0.47
-2.05
8.26
-2.16
-1.97
8.60
-1.60
8.82
-8.45
-4.27
6.48
6.95
2.90
-4.95
9.46
3.66
0.67
-1.37
1.04
7.90
-5.92
2.90
-2.32
1.61
2.35
0.93
-4.45
-3.99
-7.49
1.44
4.10
6.51
-7.09
5.88
-5.65
4.47
4.48
2.75
6.81
9.56
-8.00
3.29
6.51
8.42
8.34
9.49
5.60
-0.99
1.64
-3.36
0.43
5.72
9.55
8.11
-2.67
5.42
2.56
6.40
-5.04
8.59
1.36
-7.42
5.10
4.28
8.46
-7.03
-1.25
2.94
9.24
-4.44
2.50
-8.75
8.85
2.53
-6.81
-9.29
5.55
8.80
3.24
-2.81
-1.04
-6.33
-3.56
2.03
-4.70
7.29
-2.54
7.86
3.70
5.94
6.45
-1.42
8.52
5.08
-7.14
6.98
8.05
5.13
3.44
7.30
-5.79
-0.53
-7.93
-3.42
-8.00
-1.22
-2.71
-8.93
-2.42
-9.47
1.79
-9.93
-2.28
-8.25
2.10
3.02
9.04
-6.92
4.40
6.26
9.02
0.86
-5.15
-8.94
-0.54
1.23
8.04
-2.49
-3.63
5.01
-1.67
4.10
-5.52
3.92
-9.31
0.00
-7.29
1.50
1.08
3.81
5.56
-7.13
3.88
-6.72
-5.38
-0.49
9.83
-2.82
2.59
4.23
-6.55
5.14
-1.39
1.82
9.72
8.07
-3.43
-8.71
-0.89
2.94
6.30
7.44
0.57
-9.22
1.37
1.26
0.78
7.60
-3.72
-8.14
1.41
-8.16
-1.75
-1.18
-1.35
6.39
8.33
-1.52
-6.42
4.44
-3.77
0.55
3.10
4.85
-4.11
2.83
6.44
2.46
4.12
-4.45
-1.07
0.42
-7.00
9.50
1.20
7.89
4.28
-4.50
5.49
-9.44
-2.63
0.42
-7.59
9.14
9.24
4.58
5.54
-8.91
-3.42
-7.36
5.54
2.81
3.19
2.16
1.18
-7.40
-5.01
-2.37
5.06
-7.37
3.18
-6.01
3.05
9.70
-2.99
-2.23
-8.89
-8.71
3.28
-9.88
-8.14
-5.83
0.55
-2.21
-3.17
-0.21
-4.11
-7.63
0.89
2.47
-1.47
-0.05
-1.20
-4.76
-7.89
9.99
-2.16
-2.89
1.14
-3.57
3.26
-2.16
0.42
-3.68
1.07
-9.04
7.61
2.18
-7.75
4.41
2.31
-2.37
-7.90
-7.14
8.94
-1.06
6.17
-1.65
4.83
0.58
-9.18
-6.63
-9.47
3.15
2.13
-3.83
3.14
9.98
6.80
-2.20
-3.59
0.06
5.64
-9.65
6.38
0.23
-8.69
7.52
-7.58
-2.91
5.45
8.25
8.24
7.56
-5.37
-9.29
0.02
-9.20
-0.94
-5.15
4.91
-0.11
1.74
5.44
-3.44
-6.12
-8.39
9.70
-2.62
8.41
1.02
3.79
-1.52
0.18
7.66
-1.62
-9.58
-7.50
-0.58
-7.16
-0.41
-5.12
-5.39
1.35
-4.04
-0.76
2.06
5.98
3.56
-8.87
-5.65
-1.53
4.54
9.62
-2.56
-8.90
-2.98
2.57
-5.68
4.40
4.51
8.86
1.71
-7.01
-0.96
2.89
4.89
-0.54
5.39
-2.16
5.82
-1.50
2.72
-9.57
9.86
8.68
3.19
1.92
8.18
-3.24
6.57
-7.47
8.75
4.63
-7.85
-3.81
9.25
2.69
8.77
-2.91
-2.91
6.80
-4.05
-7.68
-6.69
5.00
5.22
8.20
-5.54
4.13
-0.44
-9.71
-7.36
-7.72
-5.76
-7.50
-5.52
7.44
7.94
-3.82
-2.28
8.04
-1.28
-3.53
2.67
4.39
6.19
1.93
-2.91
8.48
-7.46
7.70
5.28
-1.50
-6.45
8.59
-6.50
-7.71
-9.69
1.48
6.42
-0.12
1.77
9.06
5.68
9.54
-4.92
-6.31
6.98
-6.97
-0.13
-5.30
-8.93
-7.89
4.69
7.26
-9.97
4.40
2.71
0.64
2.88
5.26
1.86
-1.84
-6.24
5.41
0.27
0.78
-8.78
0.59
-7.74
7.65
-6.01
4.04
-9.77
9.67
3.58
-4.68
-3.12
4.08
1.87
6.76
-7.70
2.94
-7.61
-9.49
3.72
-7.58
4.92
-3.56
3.06
-2.20
-4.78
-5.07
9.49
-1.02
-6.14
3.28
9.76
-4.91
-6.13
-7.98
-3.74
1.38
9.58
-3.51
4.58
6.68
1.81
-8.54
4.28
-2.80
-8.26
6.58
-9.86
-5.86
-9.38
7.39
-3.44
5.54
-2.65
-6.85
-6.66
2.57
1.60
-3.65
-4.93
5.46
9.64
-5.17
-9.45
-2.97
0.37
0.33
8.42
3.48
6.83
3.00
3.68
2.16
4.46
1.49
9.37
6.21
1.59
-6.97
-6.13
2.21
-9.58
0.43
-2.25
-2.23
7.10
4.62
-6.14
-1.30
-9.03
-1.07
-5.83
-9.39
7.28
-1.76
1.17
-2.34
8.58
-0.41
-5.34
8.93
-7.41
-8.14
1.09
-9.43
3.35
0.46
-9.70
-5.05
7.02
-5.83
7.16
-9.04
8.13
-5.08
-1.26
5.23
-6.94
2.60
-6.06
-5.97
-4.94
1.63
-1.83
-7.66
-6.61
9.34
3.52
-4.51
-1.07
8.18
-5.58
5.04
-9.95
9.04
9.13
6.92
3.02
9.44
-8.13
0.04
-6.39
-7.44
1.01
-4.74
-2.52
-6.73
-9.50
0.54
9.39
-2.04
8.09
-5.55
-6.89
-3.74
-3.20
0.02
-0.88
-9.68
5.52
-8.43
-7.97
-6.54
6.61
-4.40
-7.50
9.27
-7.48
5.53
8.71
-5.60
-4.43
-4.16
0.48
-9.90
1.11
-8.52
-6.63
5.13
5.54
-7.23
-3.39
3.63
0.74
3.24
-6.58
7.54
-6.74
2.54
-8.61
8.78
7.64
-6.58
-7.75
7.77
-0.98
-1.73
7.04
1.54
-6.20
5.75
9.46
2.90
-8.40
-0.06
3.00
6.23
1.42
9.90
4.88
-3.04
-3.81
-8.51
-5.88
6.93
8.25
-2.46
4.48
-8.49
-6.40
5.87
-6.18
-8.76
9.29
-0.41
9.02
1.83
7.86
6.06
-6.63
-8.33
5.34
-3.64
8.09
-9.54
6.30
1.09
6.69
1.25
4.51
1.57
-8.27
-9.30
6.58
-4.15
7.64
4.83
3.39
5.64
9.86
-9.48
5.03
-6.32
-8.24
4.32
3.27
-5.70
-0.33
4.66
-9.63
3.04
6.33
5.71
-7.08
7.94
6.17
-7.25
2.55
6.38
4.00
-2.93
1.47
5.73
-2.23
1.57
-8.41
-1.07
-0.08
8.50
-5.43
-0.22
9.02
9.60
3.47
-5.69
7.44
0.26
-1.39
-2.89
-5.08
-1.02
-6.32
-5.23
-1.79
-3.40
-7.29
-2.10
2.87
8.79
-2.20
-3.13
-4.14
-7.21
-3.87
3.63
4.36
1.24
-3.91
-5.72
-0.26
0.66
7.59
2.29
0.27
4.58
6.60
-2.29
-5.16
-1.27
8.35
3.29
-8.76
-7.97
-8.42
-0.55
2.15
-2.18
-9.12
-4.97
-3.39
-1.32
5.42
2.47
5.00
-8.45
-0.38
-0.64
6.31
5.71
7.17
-0.42
-3.62
4.76
-8.13
-9.83
-0.66
-8.01
1.40
7.70
0.72
3.27
4.51
1.96
8.82
6.10
-5.06
0.98
-6.08
-4.18
9.53
0.53
8.02
8.47
-3.48
6.54
-6.45
6.14
-4.09
9.86
5.38
-3.40
-0.56
-4.72
-5.12
4.83
-4.55
4.22
-9.66
-9.63
5.44
1.07
3.65
-0.04
-3.45
2.47
-3.94
1.49
-3.03
3.50
-9.17
0.02
-5.97
-7.62
-1.50
0.55
8.92
2.05
0.21
-1.65
1.91
-0.89
4.95
-5.12
4.39
9.83
-6.77
-6.64
7.57
-6.42
-2.74
3.02
4.65
-9.09
-3.50
-8.80
6.90
6.08
6.22
-6.12
-0.42
-9.43
3.90
3.61
-7.05
-7.60
-2.32
-4.60
7.97
-8.59
3.75
3.41
0.53
2.23
8.29
-1.56
5.58
-8.48
5.33
3.16
-4.90
-7.41
-0.30
-6.73
-6.50
9.72
-2.00
-9.60
5.80
-2.26
-2.20
-4.62
-1.69
-8.29
8.99
4.79
-2.37
0.19
-9.81
-4.39
5.12
7.46
-7.46
-0.83
-0.31
-9.17
7.62
-4.72
-4.13
2.95
-8.04
4.50
5.54
1.66
-8.71
-7.44
1.38
-0.71
-7.04
-2.82
-9.45
4.29
6.08
-1.13
6.00
5.07
-2.82
-2.85
-1.22
-2.63
6.28
-6.10
-1.65
8.82
3.08
8.05
-6.83
4.22
-3.15
2.57
0.69
-1.19
-2.93
-3.77
-6.01
-1.64
-1.21
8.89
-8.82
5.27
-3.93
-8.27
-0.44
-7.85
4.12
-0.92
-9.26
-8.70
9.76
3.04
2.19
9.56
-9.54
-9.45
8.39
7.06
-7.88
-4.92
1.28
-1.03
7.65
-8.03
-8.70
-5.28
1.72
-4.71
6.61
-5.97
-5.82
-8.69
-7.17
3.77
-3.44
5.91
9.44
-9.31
-1.48
-6.30
-4.49
-1.72
-9.74
-8.77
-2.16
-9.28
-4.70
-0.25
7.79
0.94
4.84
2.59
9.91
2.49
8.09
-5.27
-9.26
-0.19
0.02
7.35
7.37
7.72
8.66
-9.80
5.01
-1.26
6.11
4.45
-0.57
-1.85
-8.33
8.47
6.43
-8.07
-6.78
-2.20
-3.83
2.04
-8.93
-6.04
-7.02
5.91
-9.92
-7.11
1.93
8.17
-2.38
2.67
1.50
-8.84
3.54
-1.13
-7.60
5.72
2.59
7.41
-5.54
2.23
5.38
7.42
-9.62
7.05
5.89
6.82
-7.50
-7.37
-1.86
-1.33
4.67
-0.79
6.16
7.65
-1.35
6.24
-5.94
-9.42
4.41
5.20
3.25
-4.09
9.88
-3.21
8.31
-7.72
-7.49
0.90
9.69
-3.03
-6.87
8.59
-2.09
-6.48
9.16
-2.68
-6.14
-8.34
-0.05
2.00
3.85
-1.86
-5.27
0.01
-4.21
3.38
-0.23
3.37
3.96
-5.82
-1.43
0.73
3.62
-1.55
-8.96
1.93
4.25
-2.93
-3.65
7.46
4.05
-0.51
6.05
-4.52
6.53
8.73
2.81
-9.61
-9.61
-7.24
5.91
7.77
0.91
-9.36
1.30
-9.78
7.55
-8.92
3.60
1.51
-4.74
-4.31
-4.23
-7.60
4.15
-3.19
4.33
1.92
3.89
-9.31
-0.61
1.46
3.70
-1.04
6.94
0.23
-2.30
-0.25
4.14
1.61
6.04
0.05
-0.62
-3.05
4.21
-9.31
0.69
1.76
-8.23
-5.71
-3.20
0.55
-0.01
2.57
2.96
-2.34
9.38
0.81
9.58
6.79
5.02
2.49
-1.75
2.24
-8.54
-1.28
-7.53
-0.84
8.47
6.61
-9.23
4.51
0.18
0.16
-5.02
-5.60
4.37
5.68
6.16
9.66
-6.51
-7.04
0.21
3.48
9.05
-3.31
-5.34
-8.04
7.51
-2.23
8.75
6.05
-9.74
0.53
-1.70
-8.28
9.25
4.29
0.88
7.72
4.43
5.18
5.76
-5.39
-1.14
-5.74
-0.99
-6.77
9.94
-1.30
-7.11
-3.04
5.18
6.62
-6.04
4.24
-6.68
-1.37
6.20
-5.65
6.40
8.47
-6.08
-9.82
-1.00
2.22
-4.57
-1.75
0.04
9.83
-0.50
-5.53
5.01
-1.22
-0.92
-6.13
3.04
-8.38
0.62
6.51
0.32
3.51
-6.53
-0.98
3.66
-2.57
-6.74
-9.50
9.58
-7.02
-1.63
9.50
-5.02
2.29
9.69
3.98
-1.96
-4.88
-4.24
8.08
-1.53
8.78
-7.45
-6.51
1.08
1.63
-2.64
-2.36
6.77
-8.49
-5.85
-2.91
8.54
1.14
6.12
2.20
-7.90
-7.10
2.70
-8.32
-0.59
-8.93
-5.29
4.39
6.89
-5.60
1.89
-5.07
3.04
-8.83
-3.47
-8.49
-6.53
-0.92
-1.48
4.55
-5.77
9.41
-4.28
-8.99
-9.08
3.39
1.62
9.46
-5.46
1.26
5.19
0.16
7.69
-2.11
1.84
-2.90
2.49
6.55
-4.99
2.90
-5.53
-9.58
7.83
-8.97
-4.88
-2.12
-3.93
2.11
6.96
8.11
0.19
-5.29
7.52
5.91
-0.76
-8.04
-0.70
-9.13
-8.57
7.36
5.65
6.62
-2.48
3.34
-1.97
-7.11
-6.04
-5.96
-7.04
-1.03
6.94
0.96
2.92
8.29
1.99
-8.44
-3.83
-8.42
3.67
-3.35
-6.78
-6.14
1.37
-9.26
9.77
-9.39
-7.29
-0.92
-5.00
-2.34
-0.04
-9.34
-2.20
7.49
4.00
9.35
-9.62
7.97
-6.60
-6.66
0.46
-6.14
4.30
-3.10
-7.84
-0.18
-1.54
1.85
4.92
-7.86
8.51
8.14
-0.48
3.40
-7.59
-0.70
7.53
-1.36
-8.10
-7.46
6.30
1.86
-3.28
-2.38
2.87
-9.28
-3.03
3.25
-7.79
3.89
6.60
6.20
7.76
4.42
-6.90
9.92
-5.76
5.09
5.29
-7.31
-9.25
3.80
-9.17
0.27
-2.80
-6.76
-6.91
-5.26
1.88
-5.01
0.80
1.70
-9.62
7.52
9.32
3.25
-8.24
-0.18
-3.49
-6.02
-6.29
-3.37
-6.30
-8.53
-5.43
0.32
-5.09
2.34
-4.59
-9.79
5.03
-3.84
7.53
9.38
9.96
-1.74
-7.37
-6.95
6.52
8.03
1.57
-2.68
3.26
1.95
-1.64
2.58
-4.80
0.12
-4.08
5.23
7.62
-0.36
-4.62
-8.68
4.63
3.48
1.65
-6.93
-4.18
-9.42
-6.72
-5.63
0.27
-5.67
-6.25
0.23
2.59
-0.10
3.28
-0.89
1.46
-5.15
9.95
-5.28
-9.68
-1.69
-9.18
-0.95
-8.04
-3.25
-5.72
9.58
6.39
3.19
-5.57
4.54
-3.33
9.60
7.61
6.01
-6.30
-5.59
-9.62
3.97
-1.25
-5.87
-5.80
-5.14
7.56
-8.99
3.98
-0.98
-0.62
7.45
3.74
3.23
-0.71
4.56
-7.72
1.25
-8.69
0.08
4.35
-8.78
-3.21
-7.70
5.77
3.46
-8.10
6.90
-0.53
-0.87
-8.68
3.37
-6.90
0.07
7.51
0.83
4.93
5.07
5.36
2.43
-5.91
-1.74
-0.11
-8.65
-8.51
9.18
5.91
-6.23
3.95
7.23
7.38
-1.70
-8.03
-5.83
4.13
7.74
-8.84
9.55
4.65
4.15
-1.32
9.49
-2.47
1.79
-0.44
-1.44
-3.86
-1.99
-2.85
-8.50
-6.03
4.76
-0.24
7.38
6.11
1.26
-9.92
2.02
8.55
4.03
2.77
5.93
-4.15
4.75
-9.89
9.98
6.01
-8.73
-6.94
4.18
5.42
1.74
3.67
-3.53
-6.47
-6.77
5.03
-0.33
4.77
-7.82
4.69
-7.74
6.94
-5.54
9.64
3.05
9.24
9.72
-1.40
7.79
7.27
-8.63
7.25
-3.36
9.64
7.36
0.15
5.66
-7.85
3.21
-0.16
-8.91
-5.05
-6.48
-2.43
2.01
0.27
-7.40
-4.80
-1.44
-1.69
9.90
0.82
-4.75
-2.12
0.46
-8.17
-2.88
3.70
0.43
-5.09
4.49
5.32
-7.84
-5.34
4.97
-6.96
4.81
0.63
-1.29
1.54
-6.01
-0.19
-9.99
-2.49
-9.10
2.02
-8.69
-2.98
-9.25
-0.13
5.33
-9.35
-9.30
-5.89
2.05
4.68
-0.54
9.17
1.91
9.89
-2.40
-0.08
8.73
3.29
4.58
3.70
6.33
2.91
-2.15
-1.43
-2.03
5.37
-8.10
-2.01
-7.12
-7.20
-6.47
-2.29
3.34
-5.72
7.59
2.20
-1.55
-8.19
9.83
-9.50
-9.99
-0.71
-6.81
1.92
2.70
0.80
-4.63
1.43
-5.91
-6.53
-1.34
-6.06
6.39
-9.97
6.03
-2.12
5.40
7.93
5.87
-8.19
-5.75
9.41
-0.48
-8.88
-2.79
0.63
3.32
5.67
2.44
3.15
9.69
2.46
-7.56
-7.11
-2.10
5.14
7.21
3.27
0.09
-8.70
6.75
8.75
-1.24
6.66
-7.69
-5.20
-5.46
7.71
-3.75
-9.58
-6.96
4.03
-6.65
2.57
5.15
0.56
-3.28
-1.53
-0.25
9.17
-4.86
-0.55
1.63
-2.42
5.86
9.53
-3.76
3.07
2.81
6.33
7.89
3.08
8.61
0.17
-0.26
-9.08
8.49
4.28
-7.85
-5.25
8.22
-1.28
-7.70
-8.43
-5.19
7.45
5.66
1.53
-4.08
-4.59
0.70
4.58
8.38
-4.15
-7.84
4.24
-4.61
1.92
0.83
-8.28
1.77
-1.28
8.32
0.38
-7.58
-1.94
4.82
-9.09
-4.14
-9.50
-0.82
-5.91
-0.78
1.48
-0.82
7.55
2.45
-5.16
-0.92
-8.11
3.78
9.79
6.47
2.16
-4.36
-7.85
-0.07
4.55
4.07
-9.24
9.79
-4.15
3.01
8.11
9.75
8.95
-0.31
8.10
9.86
5.56
-7.88
2.57
-6.83
4.86
-2.43
2.35
2.41
-9.97
-9.28
-8.51
-8.08
4.50
-5.20
8.40
0.18
3.97
-9.45
-9.89
2.04
8.15
-5.60
1.84
-6.00
-9.07
3.47
-2.73
9.88
-6.83
-4.63
9.74
8.73
1.01
5.83
-8.10
-4.13
-6.59
7.77
8.28
-3.04
-7.99
-6.70
-1.12
-9.97
-1.90
0.80
0.22
-4.41
1.36
3.85
7.64
3.03
-8.23
3.00
-9.45
-7.30
-3.53
-2.18
-7.42
-0.36
6.72
-4.15
-1.63
-2.27
-8.32
3.79
3.61
-1.39
5.09
1.89
5.57
7.10
5.19
-5.54
-9.34
-3.18
8.78
0.88
2.41
3.66
-1.75
3.57
-3.31
0.03
-3.43
-2.76
6.25
3.05
5.07
8.84
-7.31
5.31
-5.31
4.59
-6.96
-0.11
1.90
6.65
8.51
0.51
2.07
4.08
-2.38
0.78
-7.94
-1.72
7.60
-9.15
-7.32
3.54
4.51
4.45
-2.89
-8.79
-2.00
3.69
-1.55
-5.74
0.26
-2.96
-3.38
2.95
-7.65
1.31
1.06
-4.60
-8.80
-3.51
-4.43
-6.77
7.00
-8.84
7.32
-1.86
1.95
-7.10
6.42
3.07
-6.25
-7.38
0.13
-8.21
-9.40
-9.23
-7.00
-1.40
4.46
4.97
6.38
-1.76
-4.46
-7.00
-5.29
-2.11
4.31
5.78
6.81
9.04
-4.21
-4.09
-7.73
-7.21
-2.93
-6.89
0.94
-7.46
-3.98
0.88
9.14
3.29
7.03
2.79
5.08
7.63
3.56
-8.40
-0.25
1.54
-9.90
-3.86
9.78
-4.36
-0.86
-5.50
3.53
-3.02
-6.20
3.87
-0.46
-0.41
9.78
5.33
2.38
0.37
8.45
-3.16
6.44
-2.01
7.73
5.58
-8.72
8.28
-1.63
9.89
5.91
-4.54
-8.51
-0.82
7.00
-8.41
5.32
6.79
-2.77
-2.01
-8.71
-5.71
4.97
-4.91
8.16
-1.97
8.20
-8.54
-6.64
0.58
1.83
-4.67
-9.05
-1.73
3.32
-7.80
-2.63
8.13
-9.52
9.27
8.02
9.91
-5.27
-6.97
-0.91
-4.75
-5.37
-5.58
-7.96
5.38
5.93
-3.15
-6.81
4.42
5.46
-5.13
-7.55
3.66
-3.67
-4.19
-2.23
-8.31
1.15
-1.28
3.48
-2.01
0.92
-5.62
-3.88
1.40
-6.35
-5.86
1.31
1.90
0.70
-6.08
7.15
5.33
1.86
-7.28
4.23
-2.21
-0.43
-9.05
-7.79
-4.96
-4.18
-1.82
-7.78
5.68
7.52
-0.01
-9.11
2.19
8.71
7.89
-9.82
3.15
-7.73
-0.17
-5.45
-0.56
7.49
9.38
-8.66
-1.81
-3.17
-7.98
-2.96
8.69
-5.26
-8.72
-3.51
7.83
-7.77
2.22
-3.61
1.57
-6.07
-1.38
-2.75
-8.55
-7.87
1.66
3.64
-5.63
-0.44
7.34
7.52
1.83
-2.83
-4.40
-5.20
-5.33
-1.50
-0.34
2.86
5.33
1.68
9.91
4.03
9.94
-5.29
-5.96
7.78
0.46
9.78
-5.83
-4.45
-6.29
2.79
6.33
-1.32
4.93
-2.01
-4.16
-7.18
7.55
-6.81
-9.66
2.91
3.88
-4.06
7.71
-7.93
7.97
0.89
4.94
3.30
-7.42
8.37
0.85
-3.96
-3.40
4.89
-6.18
-9.42
8.20
-2.00
-3.87
-8.09
-5.69
-7.54
4.12
-7.24
0.46
9.96
-4.42
1.53
-3.33
-0.55
-5.56
-9.44
8.91
-4.33
-7.37
6.88
-9.91
-8.91
0.19
-3.81
-7.02
-5.44
2.23
-0.42
-7.02
6.06
0.16
-8.82
-2.42
9.82
-3.39
5.41
-7.72
-9.27
8.18
6.26
-9.30
-2.72
-2.20
-2.63
6.73
5.76
1.45
5.65
-5.04
4.09
2.53
-4.95
8.70
-3.76
1.24
-8.31
4.33
-6.53
1.27
7.31
-6.95
-5.04
8.49
0.63
-5.22
-4.90
-0.43
0.58
-0.64
-2.25
-3.15
3.58
5.03
4.65
-5.53
5.29
0.41
5.93
0.94
5.37
3.54
-3.01
-6.06
2.24
6.76
5.18
7.45
1.09
-7.82
2.25
1.92
-4.77
7.21
0.41
9.39
-4.49
9.03
-1.04
6.09
1.91
-9.77
-7.06
-4.51
8.78
-8.89
-0.03
7.59
1.53
-4.10
-1.47
0.42
-7.04
9.05
7.89
8.72
9.33
3.07
6.18
3.94
8.77
-1.57
-4.14
-2.47
-0.84
9.79
-3.08
4.67
8.82
9.40
4.28
0.74
-6.85
7.23
9.75
-4.55
8.34
-0.28
-6.95
3.39
9.14
5.10
-2.66
-7.90
4.15
-4.77
-5.65
7.00
-8.18
-9.47
0.94
-9.40
-1.04
-9.68
-1.87
8.12
-9.89
8.57
6.31
8.94
-8.51
0.59
3.20
-1.84
1.34
2.95
3.61
3.21
-3.80
6.66
0.12
-1.14
1.77
7.46
4.49
-0.56
-3.79
8.84
-3.55
1.56
9.37
-9.09
2.16
1.85
-8.76
-6.19
3.49
-5.13
-4.10
-0.20
-6.19
0.91
-6.09
-9.47
9.07
5.26
7.01
2.68
-1.53
-3.27
2.87
-7.89
5.59
-5.36
-6.90
0.08
7.60
-0.69
2.44
-2.43
-9.13
5.33
-1.51
6.55
-2.82
3.25
-6.12
-9.33
8.12
-0.22
3.99
-4.54
-9.31
7.91
-0.49
-6.72
6.69
0.04
5.97
-1.32
6.77
-1.16
0.79
5.89
7.00
3.89
-0.51
4.60
-3.27
-8.06
-7.82
1.12
7.27
4.19
1.20
-5.54
0.96
5.08
-1.35
2.60
-1.61
-3.83
8.06
2.60
-5.92
1.10
5.89
-5.71
-8.86
5.38
2.97
7.92
-2.26
-2.72
3.81
-5.26
-8.82
-6.70
-7.14
1.43
-1.24
-1.44
-7.45
-3.96
-3.73
7.27
4.02
-9.25
2.36
-3.81
3.36
-5.73
2.36
4.94
6.87
6.44
-3.96
2.76
-9.27
-2.81
1.66
7.22
-1.37
9.40
-5.49
-4.04
-2.34
-0.79
2.78
4.05
-9.36
-8.45
-7.39
-3.29
1.11
2.41
-6.01
-4.87
3.16
9.87
1.32
0.04
-5.86
-2.79
-5.01
-8.99
-6.35
4.55
7.30
-2.09
-4.74
-1.04
-1.35
3.89
-1.63
3.16
-6.63
6.03
-4.11
6.16
0.08
0.05
-8.77
6.22
6.77
5.86
2.15
-5.72
-5.49
-1.17
-5.85
5.83
8.88
-1.71
-3.44
-2.61
2.82
0.22
-8.06
0.12
-8.35
-2.79
9.09
3.82
-5.38
-2.54
0.51
-2.00
-2.99
6.40
-2.32
-9.38
-3.54
2.43
-9.64
-3.25
-1.71
6.03
1.03
2.80
-5.14
5.18
2.15
-2.74
-3.01
8.72
4.65
9.81
2.46
6.60
-0.06
7.63
-6.19
2.55
1.45
-1.57
-6.47
-8.04
9.95
0.54
-8.11
-2.37
4.68
-1.65
-6.42
8.56
5.10
1.87
4.59
-0.35
-5.33
9.46
-5.17
6.83
-3.28
5.34
9.07
-8.62
5.15
1.53
-8.50
-4.91
-0.84
-1.17
7.64
-9.39
-9.22
-5.31
-3.90
-9.26
5.24
-2.01
1.89
3.44
6.34
5.48
2.01
4.96
-2.65
-3.40
-5.39
5.55
-0.42
2.96
5.90
6.31
-1.70
4.97
-8.79
-3.03
-3.50
-3.77
5.59
9.18
5.06
6.75
-6.69
5.84
-8.55
-0.59
-9.90
6.69
7.40
2.00
3.65
7.26
1.00
-4.34
5.74
8.35
2.27
-6.13
7.42
-4.63
6.83
3.32
-8.32
-1.35
-1.71
-3.59
5.63
8.31
2.64
1.22
7.49
-2.30
1.49
-9.19
-2.93
2.94
0.22
-2.83
3.15
1.15
9.17
-3.19
1.93
0.17
2.47
-2.32
2.05
-1.74
1.55
-0.53
3.64
1.91
-3.68
8.84
-9.44
4.61
-1.22
9.71
6.45
-8.58
4.45
3.94
2.65
-4.05
8.27
9.72
8.89
2.02
-3.11
2.05
-6.83
-0.41
8.86
5.10
-6.72
4.85
-3.70
8.85
-3.36
7.86
1.85
-6.20
-0.23
8.17
-7.36
3.85
6.30
1.42
7.09
2.75
6.37
1.54
0.22
-0.98
-8.99
-1.51
2.26
9.91
-9.49
-7.33
5.48
-2.80
2.26
7.86
-4.17
9.07
2.71
2.13
7.92
-7.13
3.51
3.29
-3.33
-3.20
1.46
-0.68
-9.34
-2.23
-5.74
-8.73
-5.96
-9.37
2.81
4.26
3.17
7.35
-3.72
-4.57
-9.22
0.31
-1.89
6.26
-8.96
-6.11
4.12
-3.13
-7.04
0.35
-7.48
-5.59
6.75
6.04
7.70
-6.58
-7.16
-0.83
2.74
-2.98
-9.54
-9.47
-1.71
-5.50
-8.84
-5.37
-7.71
7.86
-8.02
-1.43
-6.71
-7.24
8.88
1.40
-7.46
9.92
5.30
-9.82
0.31
-8.22
4.05
2.84
-3.81
0.80
2.40
-2.58
4.23
8.76
6.59
0.49
-0.69
-9.43
1.02
7.60
-1.41
5.71
-4.25
0.88
3.57
-2.27
9.45
-9.62
4.01
-8.14
5.31
6.55
-4.70
4.13
6.73
5.62
5.91
0.79
1.98
-4.37
-8.41
-2.10
3.05
5.82
-3.34
3.16
-0.16
5.97
3.73
-9.14
7.10
-4.16
-9.91
-7.15
6.73
7.18
4.11
9.70
7.57
-1.88
-4.92
2.88
-5.32
0.39
-2.99
-5.07
-0.47
-3.56
9.24
-8.49
5.59
-9.16
2.93
-1.36
-9.82
9.59
-4.68
0.02
9.09
-7.43
4.41
6.19
-1.58
8.02
-7.44
-4.85
5.21
6.67
-1.63
6.30
-1.68
3.46
-0.82
6.52
-6.15
9.71
-8.55
6.90
-0.33
-9.30
8.41
-4.73
-4.94
4.86
7.43
-1.24
4.45
-7.24
8.79
7.06
-1.15
6.72
6.77
7.27
4.74
-7.14
-4.06
3.47
9.53
4.32
-0.23
1.37
1.30
-7.53
-2.11
5.15
-4.30
2.87
2.05
5.38
7.09
3.98
-5.83
-7.85
-1.16
-4.88
0.91
-3.19
1.40
3.22
-2.60
-9.74
3.46
-5.83
-8.95
-1.79
0.55
-3.00
-8.32
0.09
-5.16
4.98
-5.02
6.14
7.45
2.88
4.81
-6.84
-0.73
0.38
-7.94
-3.64
-2.12
-0.25
2.03
-9.76
4.87
-3.54
0.57
-3.72
9.69
7.97
-3.46
6.67
-4.33
1.11
-5.12
6.22
8.11
0.09
-0.17
-3.53
-4.93
4.82
-3.87
-3.96
1.22
-9.06
-0.80
-5.99
4.84
4.78
0.37
-7.28
-5.47
-4.08
-7.04
9.41
2.38
3.54
-0.79
5.59
1.51
9.27
2.27
-9.30
0.38
-9.33
6.93
2.02
4.28
0.28
8.49
9.35
-4.90
-1.85
-1.08
9.84
-0.91
-8.36
-6.15
-2.54
6.43
7.74
0.18
-5.52
-6.34
3.15
-2.59
9.57
0.21
6.62
8.68
-4.76
9.41
0.95
-4.05
-0.20
5.15
-3.60
-8.18
-0.57
6.68
-6.17
2.31
-4.69
1.98
-8.77
-1.33
-5.40
-3.61
2.53
2.06
-7.18
0.27
-7.76
-2.69
7.46
8.91
8.24
7.03
2.64
4.87
9.23
7.89
4.28
3.71
-2.64
-2.40
-1.14
3.76
-0.58
-8.19
3.96
6.78
7.64
-7.21
-1.24
-7.61
1.47
3.36
-1.21
-2.48
-1.06
1.61
-8.69
1.19
-7.56
8.77
3.62
-9.31
9.32
-3.73
9.08
8.56
-2.32
6.88
2.27
5.04
-5.51
-5.35
2.32
7.43
-3.54
-0.20
7.73
-5.89
2.60
-3.50
-3.50
-2.41
-6.62
5.29
5.11
2.33
0.43
9.94
-2.96
6.39
-7.76
-5.82
-9.40
-8.44
3.97
9.68
-6.36
-8.35
-9.91
9.43
6.69
-5.42
-2.40
-0.99
-4.47
7.59
-7.66
-6.73
-4.78
8.46
3.29
5.24
-3.95
-9.81
0.54
-5.32
6.04
-5.51
-5.38
-3.40
-5.60
-3.14
0.79
-4.99
1.95
-5.24
-5.31
9.11
-3.58
-1.70
-7.93
-3.37
6.40
-0.33
9.17
-8.06
0.78
-8.49
-1.27
6.00
9.97
-7.98
1.25
-3.98
-4.27
-4.69
4.22
-8.22
-0.20
-7.64
-1.62
4.20
-0.77
9.17
9.21
-5.30
-2.54
-2.57
-2.67
7.40
9.25
-0.60
-5.97
5.66
-7.40
-6.80
-8.88
3.38
-1.77
-0.15
-0.61
-1.80
5.39
-5.84
7.74
-8.88
-0.53
1.96
-7.10
9.27
7.85
4.81
6.99
0.60
7.50
9.73
5.30
-5.04
0.68
-3.85
-7.64
-0.07
5.56
-0.08
-0.89
-8.32
6.64
0.23
8.58
-5.12
-9.92
1.49
3.08
8.99
5.65
4.35
-6.36
-4.88
-0.17
-3.46
-2.09
-2.32
-5.13
-1.57
8.28
-7.62
-1.84
7.10
-2.66
-7.64
-6.74
3.23
5.81
-7.66
-6.85
-5.07
-5.98
9.79
5.16
-7.40
-5.33
8.77
7.62
-8.72
7.76
3.27
5.63
-8.60
8.40
-1.02
1.47
-3.69
6.67
6.34
4.74
4.95
-7.76
-3.58
5.58
-0.41
2.30
8.84
-3.66
-1.88
-8.82
-0.51
6.57
-1.28
2.80
1.73
4.84
-9.00
4.02
2.46
-4.20
5.31
-4.26
-5.05
-9.77
-2.34
3.93
5.22
3.97
0.60
1.57
2.24
-0.92
3.81
-7.82
-5.34
-3.08
4.49
-2.98
3.26
-3.87
1.72
-3.73
-7.30
-9.56
-7.40
7.95
5.28
-6.40
5.50
1.27
-0.60
0.81
-9.47
7.87
1.04
-1.81
1.80
-3.73
-4.32
-4.07
-8.64
-8.56
8.53
8.69
-6.37
-3.29
-0.86
-8.36
3.73
-4.08
1.29
-4.55
2.20
7.51
-0.59
4.80
8.98
-1.79
-8.08
4.48
9.48
4.84
-4.71
-9.99
2.71
9.86
1.72
-1.97
-0.35
7.41
3.96
4.53
8.85
2.49
6.74
-4.00
-7.28
-4.12
-2.36
6.45
1.81
8.93
-4.58
-2.47
9.96
4.83
-4.15
8.95
-3.43
-2.23
3.43
-3.95
-7.39
-7.75
-0.41
8.84
-4.37
-8.69
-3.13
5.28
-7.76
-5.64
3.33
-8.90
-9.63
0.07
-2.90
-6.90
5.96
8.27
-6.93
1.29
-9.28
2.02
-7.66
-9.31
0.37
-1.81
9.64
6.94
9.48
3.07
-3.48
-4.39
5.32
6.11
-5.55
-9.05
-9.06
4.84
9.75
-6.81
9.20
3.08
-5.71
9.58
-3.32
4.91
-3.80
-7.36
3.18
-0.73
7.45
3.91
-8.71
9.79
8.12
1.67
1.50
7.76
-1.39
0.98
0.83
8.65
6.59
-0.32
4.76
-8.96
4.15
9.23
9.40
7.43
-7.58
8.61
4.03
0.23
8.19
-9.29
-1.34
-5.61
-3.13
-8.15
7.18
-5.68
9.28
8.48
-2.37
7.40
3.67
9.13
8.68
-4.20
3.63
3.03
-5.54
0.22
-7.29
-7.26
4.78
-9.61
-8.03
4.19
7.82
-5.61
6.32
5.37
8.14
4.51
6.09
-3.19
-7.58
-7.04
2.18
-6.88
0.81
4.98
-4.88
8.44
5.90
8.79
-8.90
4.58
-1.88
8.25
1.13
6.10
-1.52
3.85
8.84
-3.22
7.76
-9.18
-5.51
9.10
-1.27
-9.19
4.47
0.40
8.84
0.56
-9.27
-5.22
3.53
2.91
-2.09
-2.14
1.41
3.03
-0.18
-2.69
5.35
4.44
-4.59
-6.53
2.70
6.54
9.57
-5.30
3.91
-8.07
1.48
5.19
-7.25
5.98
4.29
5.01
6.79
-1.23
-1.07
9.16
-7.15
-0.34
-6.06
9.90
-7.43
1.85
-2.24
7.50
-5.11
7.59
-1.67
-6.24
2.03
7.26
-2.77
-5.27
7.32
0.32
-0.57
1.24
2.25
-5.56
-3.57
8.53
-6.06
-5.75
7.06
-5.75
6.54
-4.01
-6.59
9.39
5.65
-2.64
9.30
-8.26
9.21
0.58
9.24
-2.38
1.69
1.09
1.38
-6.27
-1.65
-7.87
1.98
-4.33
2.45
-5.06
-9.57
-1.77
2.90
-3.13
0.28
6.84
4.64
-2.66
-8.91
1.18
6.85
-5.49
0.57
6.02
1.87
3.39
7.76
4.60
-6.02
-9.48
-7.77
9.19
1.61
3.61
-7.08
-6.52
5.75
8.43
-0.85
1.72
-3.11
-0.41
-6.53
9.79
9.98
3.75
-9.85
4.62
-5.39
-8.76
-0.68
-8.54
-0.73
9.89
7.48
-5.34
6.81
8.76
9.27
-5.69
-7.20
-8.50
-6.50
7.93
8.63
-0.05
-8.59
7.90
1.90
4.09
3.15
8.79
-6.32
6.62
-7.90
-2.82
3.90
-7.75
-8.20
8.51
-2.99
1.12
9.98
9.81
4.53
-9.02
-5.53
4.86
-6.73
-6.26
9.17
-3.93
-1.24
-3.80
-5.99
0.92
6.15
-1.06
-1.18
-1.95
-6.97
-4.51
0.36
0.23
-7.88
5.98
7.41
6.02
-8.25
-7.27
8.05
2.28
7.37
8.03
2.09
1.91
-7.46
6.57
-3.23
-4.19
-6.17
-0.53
5.40
2.60
5.67
-7.07
-6.48
5.34
5.40
5.86
-3.09
8.43
-8.64
7.27
-1.33
-3.00
3.25
-0.40
-3.46
8.52
2.34
-5.41
0.80
-0.29
-3.85
-7.10
-4.86
2.21
-7.01
5.44
-8.46
-3.18
-5.09
6.94
9.42
-5.90
-6.60
-3.54
9.44
8.80
-4.15
-3.65
-9.25
0.73
-2.86
-0.58
7.73
-6.09
-7.45
-5.73
-7.57
4.89
2.38
3.23
-5.40
8.53
9.65
3.27
4.26
-7.36
-1.29
5.80
-0.53
3.62
2.75
2.41
7.72
9.67
-7.60
-9.32
8.47
-1.75
-2.97
9.22
8.98
7.69
2.17
-9.77
-8.40
4.72
-1.98
-2.45
3.13
-9.60
-9.22
-8.75
-7.54
-6.04
4.52
6.72
-3.40
-6.77
2.53
6.07
-9.63
-1.20
2.01
-8.39
-1.53
4.41
-7.71
0.46
-7.34
2.84
3.20
-4.84
0.53
-1.11
-4.61
5.65
-2.87
3.41
-6.80
-9.74
3.81
-2.49
-4.96
9.79
1.47
9.56
6.52
8.07
-3.68
2.57
7.67
-3.31
-5.11
-0.32
-1.69
3.36
-5.91
0.60
-2.66
0.27
-3.03
-9.46
5.43
7.50
-0.56
-9.18
6.68
6.57
4.23
9.88
-9.64
1.56
0.91
-4.60
1.36
-7.62
-5.04
1.40
-6.02
1.28
-6.03
-8.35
-8.50
2.38
1.33
-0.19
-0.74
8.94
-6.07
6.60
-0.79
0.90
-9.34
-5.36
1.93
0.10
-1.02
-1.39
0.20
-6.79
2.01
4.08
8.29
-7.07
9.48
-0.35
-4.69
-2.04
-5.43
-0.71
-7.23
2.06
4.46
-5.73
-5.56
-0.69
7.60
3.70
-1.75
-8.47
0.30
-9.02
2.44
4.49
-0.86
-2.11
-1.89
8.12
6.50
8.31
-5.15
2.03
2.39
-6.85
4.96
5.39
6.32
-6.20
-6.64
-5.58
6.61
-3.87
6.48
1.08
3.92
-9.07
-6.09
1.52
8.15
2.17
3.05
1.98
6.67
-0.99
-3.53
-0.66
6.90
4.58
-2.54
6.92
6.42
5.84
-1.04
2.33
-7.49
-2.56
-2.27
-7.65
1.24
1.09
-3.23
-2.14
-9.26
-6.74
-7.54
4.66
-2.29
-0.11
-3.82
-4.14
-4.42
9.23
-8.64
-7.74
1.77
-2.17
1.60
-1.33
-4.06
-7.42
-0.88
-7.64
8.42
8.08
4.69
-5.55
-4.48
-7.58
-3.19
-9.71
7.03
3.58
1.67
7.77
-9.64
7.65
5.95
-1.93
-2.46
-7.87
7.46
3.13
-5.11
8.82
5.39
6.66
0.18
0.51
-1.15
6.12
3.09
-8.51
-8.00
5.04
9.57
6.69
9.49
-1.38
-7.36
-3.70
-1.09
-6.81
-6.59
-5.90
-5.51
-6.23
-8.25
-9.56
5.37
-0.71
-3.90
6.35
-7.58
0.99
8.69
-8.67
1.17
-1.13
1.84
-6.46
-1.49
-1.54
-4.96
0.51
-6.50
-1.87
0.73
-3.49
6.75
3.37
6.34
-0.82
6.56
9.75
3.28
-8.95
-2.96
5.03
-4.98
-7.59
-2.15
1.12
8.76
0.27
-7.89
-9.02
5.13
6.80
-0.15
-3.03
-6.14
-8.11
8.95
-1.10
2.40
-7.55
-9.44
-6.87
-1.03
-9.17
-9.98
-4.69
0.02
6.59
-1.42
-3.18
-8.84
5.62
-4.62
-3.82
8.04
3.23
7.30
-9.68
-2.98
-7.07
-5.18
-7.85
-6.75
4.68
2.65
0.64
6.57
1.60
-6.94
2.49
4.06
-6.38
9.15
-3.45
-5.54
9.17
5.38
8.00
5.76
-6.04
-5.18
-9.55
-6.90
0.20
0.15
-5.34
-6.57
0.98
-1.49
0.46
7.43
3.33
2.61
-5.79
-1.99
-1.22
4.85
-1.90
-9.61
7.91
-5.88
7.97
-8.46
-6.73
-5.48
-4.00
-7.56
-6.58
-6.00
-8.27
0.90
2.34
-4.30
4.00
-7.45
5.85
8.67
-0.50
-3.17
-2.82
9.96
-2.21
-9.49
6.10
2.00
2.05
-5.12
-3.15
-6.33
-1.21
-5.24
-2.21
-3.24
-0.18
4.58
1.28
9.34
7.03
8.22
-3.14
-7.72
-0.88
9.21
-2.02
-6.87
-8.24
-2.65
-8.20
4.78
7.71
-1.02
4.75
-4.50
3.01
4.37
7.50
-4.94
-7.23
-2.13
2.26
1.57
6.15
-9.95
8.33
-4.02
8.16
3.14
-4.68
5.19
1.36
2.19
-9.01
-9.51
4.92
2.49
-6.38
-9.80
9.84
-1.06
4.98
7.55
-8.56
3.25
-3.43
4.45
-2.38
-5.93
-6.96
3.92
5.46
5.30
-4.51
1.62
8.87
-2.66
7.60
7.03
-9.52
-3.56
5.74
5.37
-7.85
6.73
9.38
7.07
-0.78
-3.48
7.27
2.59
5.46
2.26
0.14
-9.58
-4.49
-9.76
4.87
6.66
-2.17
-8.57
0.58
-6.70
6.73
9.59
4.92
9.13
-3.07
6.04
6.16
0.94
-7.52
1.91
-3.69
-1.84
2.16
-4.31
-4.77
-5.09
5.73
-3.97
7.50
1.19
-8.19
1.16
5.13
0.84
1.40
0.00
-2.50
9.24
4.96
-8.40
-7.46
5.21
-8.81
-9.02
4.34
1.65
7.02
0.51
-7.41
-6.98
-4.06
2.42
1.18
8.10
-8.37
9.94
-3.47
7.36
-4.03
-5.97
2.07
-2.22
5.20
-2.80
8.62
0.12
-9.28
-0.35
-0.64
5.68
1.25
5.42
4.42
5.97
6.40
-1.24
-2.38
6.94
-7.21
3.73
9.97
2.25
-0.33
4.67
3.88
1.30
4.61
-9.59
2.18
-5.90
-5.55
-5.75
5.40
-6.83
4.97
4.03
3.29
5.69
-2.80
-7.34
4.90
-8.03
8.08
-0.68
-8.54
8.01
-8.40
2.60
4.95
-5.60
-3.67
8.44
-9.83
6.00
3.12
4.05
0.82
1.25
4.47
-7.00
5.36
-7.56
0.77
0.76
-4.39
-4.26
-1.69
8.90
-8.56
9.03
-4.92
9.86
-8.99
-3.31
-0.82
-4.01
-5.30
0.78
8.60
9.65
8.70
-1.55
8.10
8.88
-5.54
1.22
6.45
8.80
-4.01
0.92
-8.19
-5.13
6.88
6.10
9.16
-7.51
-8.15
-2.53
-5.08
-3.19
0.03
3.52
-3.33
4.56
-9.79
9.37
-9.45
-5.09
0.15
9.15
-5.43
2.38
-2.39
-7.33
4.78
5.59
7.41
1.23
4.39
-3.08
-4.32
9.72
1.80
-7.44
9.35
0.96
-1.42
-8.80
-8.05
7.02
-1.99
1.98
0.54
8.20
-3.46
0.76
7.57
0.62
5.67
-2.28
-0.23
-6.24
-6.38
-9.10
-0.05
8.40
-9.99
0.88
3.16
7.93
7.81
8.84
7.65
-0.39
-5.08
7.00
-9.43
7.02
-8.28
-3.96
4.04
3.25
8.03
-5.41
1.45
-1.91
8.87
-0.98
8.71
4.54
-9.73
2.01
-8.17
-2.59
6.43
1.78
-4.18
6.45
-7.33
-7.50
4.38
-9.52
-8.66
5.55
3.61
-0.22
6.08
7.70
-3.19
7.80
-6.26
-5.63
1.06
-4.71
-1.04
-3.97
3.39
1.35
8.58
5.62
-4.10
8.85
1.15
1.25
-3.74
-2.41
-6.97
5.60
-5.96
-0.78
8.10
8.42
-0.30
-7.04
3.97
-3.17
6.27
0.05
-5.47
-6.92
1.38
-1.72
-2.55
-4.04
7.09
9.94
1.99
0.48
1.29
0.57
-0.37
-9.29
2.94
-9.22
1.96
-7.27
1.89
8.52
8.33
5.93
-2.26
9.96
7.87
-9.03
-3.56
5.37
-2.20
-7.29
-1.06
2.34
-4.21
-9.68
-5.86
6.77
-3.72
-8.77
-9.77
-8.20
5.24
5.04
5.89
-5.13
5.76
-1.16
-0.83
1.24
1.57
-8.93
-0.24
3.42
-9.48
-8.97
6.90
8.40
-8.00
-6.65
3.77
-0.20
-3.94
-7.29
-4.34
5.38
-3.44
-0.20
5.67
6.36
4.56
5.90
-8.32
-0.20
0.94
7.58
8.19
0.22
-0.06
0.88
-8.53
-4.97
1.95
4.75
-8.03
6.00
5.78
8.88
7.92
-8.70
-7.77
1.69
4.63
1.81
7.92
-9.71
-2.81
-2.00
0.10
-7.14
-2.11
-5.34
-7.72
-0.43
7.98
3.23
-2.85
6.17
-3.03
-9.39
-2.95
1.96
-4.36
-7.47
-3.28
-2.38
-7.95
-3.98
-3.50
9.97
0.85
2.25
5.18
-4.52
-5.94
6.62
-4.23
4.78
-5.37
9.39
-8.84
2.52
-2.43
-6.55
-4.39
-4.45
-9.80
2.77
-4.76
-2.83
6.90
5.82
9.14
-7.45
-8.13
-0.62
0.17
-6.08
8.92
-9.81
-2.59
-0.23
5.96
-7.41
5.25
-9.98
-7.27
-5.45
8.32
-2.64
-6.06
9.49
-6.60
5.04
-7.06
-0.98
-9.41
-6.86
-4.69
-0.64
3.83
-7.79
-1.30
2.97
-1.72
0.57
-4.13
-8.03
8.01
-5.20
-4.32
-1.06
4.57
-8.36
1.53
3.35
-4.81
4.26
7.90
-6.49
-4.85
-4.64
-3.48
2.07
-9.60
-0.54
-5.39
-5.48
6.12
3.44
3.88
-0.04
9.18
-3.90
-3.55
-2.54
-9.81
2.33
2.96
8.20
-9.35
8.64
0.66
5.22
-9.71
-7.81
2.09
-4.52
9.97
3.51
2.51
-1.36
8.88
9.04
-9.28
9.28
2.02
-1.15
-2.68
-1.85
-7.70
-5.28
-8.37
-8.52
0.82
1.60
2.46
1.01
-2.55
-4.58
2.73
-1.90
-5.93
-6.61
-3.15
-5.64
-0.90
8.94
3.36
2.60
2.46
-0.61
-8.76
4.86
-1.57
-4.52
7.66
-6.02
4.34
-5.01
2.13
-9.84
-0.29
7.28
-8.36
-5.94
-1.12
4.10
5.07
6.34
-6.95
1.33
-5.56
-2.88
4.72
4.81
5.00
-2.65
3.76
1.88
9.95
-0.26
-8.73
-5.29
-5.40
3.23
0.20
-7.74
-9.27
-1.94
-2.75
2.86
-1.78
-9.51
3.66
3.38
-5.45
-3.94
1.00
-6.86
-4.08
4.05
4.47
3.89
-5.31
2.72
-1.30
-6.79
-9.93
-7.54
5.09
-6.46
2.20
9.89
-1.75
-9.68
6.64
-8.03
-7.41
7.37
3.55
-0.16
3.75
-4.71
0.33
0.93
8.67
8.40
6.99
3.20
-8.45
-7.08
-2.75
6.02
-9.67
5.47
2.26
-0.97
8.68
2.33
5.02
7.30
9.39
0.74
7.19
1.17
1.07
7.35
3.14
3.66
4.72
0.22
-2.98
1.99
5.51
-9.12
-7.08
7.71
9.28
9.91
0.91
-5.65
-3.65
-8.32
-9.62
-3.32
7.15
2.64
5.72
9.36
-1.50
4.26
6.66
1.41
-5.00
7.37
-7.42
6.07
4.72
9.25
3.25
-0.56
-0.53
-9.72
-8.57
-1.50
-8.84
-5.65
-3.79
-6.04
-2.22
7.12
-1.68
4.14
8.81
2.22
-5.66
9.48
-1.62
-6.42
8.84
-9.60
7.84
9.02
1.82
-7.15
6.39
7.92
-7.56
1.11
7.17
5.70
-5.93
0.16
5.98
-0.98
8.67
-9.34
6.89
-1.60
-1.86
-5.32
-4.47
6.46
-7.66
-2.14
2.20
-3.32
0.86
-9.41
0.27
3.23
-5.49
1.63
2.25
6.33
4.48
-1.35
4.26
6.93
9.76
4.95
2.63
-6.16
-1.36
2.13
6.38
-2.69
2.79
3.28
5.71
-5.55
7.96
-5.24
-5.56
-9.70
6.14
6.64
0.50
0.53
-9.25
-5.71
-6.24
-4.73
5.93
9.53
-4.88
3.93
-1.82
-7.10
0.86
1.47
7.86
-2.99
8.83
-3.50
9.14
5.21
7.33
5.45
-1.51
6.56
-6.57
-3.55
-5.15
-2.13
0.27
-5.49
-5.49
-5.70
5.04
-1.21
2.11
-7.68
7.58
-1.96
-8.14
-7.30
-4.50
0.04
-4.39
6.36
-4.97
-3.01
-3.10
-6.14
7.01
-0.44
9.08
7.86
-1.46
1.09
7.94
1.97
-8.93
-7.21
9.84
4.86
0.83
-2.13
9.16
-0.61
-9.82
1.28
1.72
7.76
-7.16
3.58
-9.53
-1.66
-2.86
-0.40
-1.77
5.70
-9.89
8.65
9.56
-9.36
-1.79
-7.84
-7.98
-9.73
3.26
9.96
5.76
7.85
-3.72
9.12
2.71
7.11
-3.00
5.40
0.02
0.70
0.20
-8.26
-1.53
3.04
8.84
2.46
-5.09
-0.49
-7.94
6.66
-4.79
-4.31
5.31
-1.71
-3.67
-2.96
0.46
-1.65
-2.68
-2.76
1.83
-6.92
-4.91
8.11
-7.79
-8.68
8.74
2.73
6.72
-1.23
-6.57
-3.08
4.03
5.42
9.97
2.88
-2.12
-1.60
-4.09
-0.06
-4.94
1.12
9.15
-6.11
9.41
-4.52
0.93
3.39
7.35
-8.23
-5.85
-0.81
-5.14
2.76
0.82
0.59
4.09
-0.43
-3.16
0.81
-8.14
0.27
-8.74
5.89
-0.78
-5.25
-1.23
7.10
3.15
4.68
0.57
-8.27
-0.68
-0.28
-4.38
2.26
8.73
-9.93
-0.83
6.08
-8.15
3.33
-1.21
0.23
-0.39
-6.86
-9.18
-6.30
2.71
-2.34
8.04
8.09
-8.55
9.30
3.98
0.67
-5.95
-3.72
-2.22
-9.28
-5.52
-8.13
-7.55
3.81
1.59
1.59
-0.41
3.84
1.66
8.76
3.45
3.51
2.09
-7.76
-6.26
-8.29
-4.62
-5.44
-1.07
-8.39
5.74
0.49
9.70
-9.28
-0.21
7.21
4.91
7.36
-6.51
-3.79
8.08
-2.03
-1.92
-5.95
-4.70
9.68
5.64
4.89
3.52
-2.69
3.66
-3.03
-9.18
-0.73
2.74
-1.91
4.50
-8.36
6.17
-3.04
-3.22
1.92
7.45
0.00
6.16
-2.75
-2.79
1.07
-1.87
4.22
7.29
-0.26
-7.80
-4.63
3.79
1.02
-1.43
2.96
-4.08
-4.38
-9.73
9.58
2.59
-5.39
2.37
-1.15
2.70
-3.12
4.02
2.40
3.84
-9.20
-5.68
1.29
0.80
-6.00
-7.94
-8.46
5.07
3.72
5.76
2.36
-6.54
-8.52
7.74
-9.23
2.51
-3.69
3.73
-8.05
1.93
4.00
-4.95
-1.95
-7.86
7.42
-9.58
8.36
-2.18
4.44
0.76
-4.82
5.24
8.60
-10.00
-0.43
-7.40
-7.94
1.11
7.68
9.30
0.39
3.56
-7.24
1.88
1.30
-6.46
-2.09
-8.86
7.27
3.38
6.59
4.80
8.43
-1.84
-9.54
5.85
-1.41
8.82
-2.80
-6.97
3.11
2.38
-8.20
1.71
2.38
4.89
7.84
7.97
-4.00
9.04
7.27
9.91
2.60
-9.96
5.31
-6.09
-2.90
-3.26
-1.43
-2.11
-9.88
-4.84
-7.31
8.55
6.85
-6.85
7.93
-4.56
-4.50
-4.87
1.99
8.61
-8.97
7.31
0.32
3.42
2.20
1.68
4.91
-8.28
0.72
2.18
-4.84
-6.67
5.74
-9.53
0.76
-3.64
-2.78
9.33
4.26
-2.66
-1.99
6.95
-0.58
-5.14
-6.37
0.87
3.82
-0.87
6.00
-0.66
-2.26
-9.45
0.17
-8.42
7.49
-7.62
3.27
2.40
-2.38
-2.49
-5.41
2.78
0.84
-6.15
6.78
-8.40
0.22
-6.00
-5.55
-5.52
4.86
2.47
-5.05
-2.20
-9.15
-1.42
8.67
8.20
-8.77
8.19
1.06
-1.03
8.75
-8.77
4.08
6.24
-2.87
0.87
-1.35
4.76
8.38
6.76
1.06
-0.77
-5.87
-2.16
4.35
4.35
5.36
8.81
-7.65
3.75
4.80
-2.69
-8.45
9.17
9.41
-9.77
7.37
-9.35
-8.06
1.95
-0.38
-9.31
3.19
-2.78
-9.54
-9.68
8.09
2.63
8.60
6.48
-0.61
-0.33
-0.77
3.52
-8.97
-6.42
1.40
6.40
-7.61
3.75
3.67
7.19
-8.94
5.22
6.37
-9.52
8.97
7.26
-5.35
-5.56
-0.78
4.27
-4.87
-4.07
-4.98
-0.89
-3.75
-6.89
-8.26
-1.62
-6.89
1.13
-8.43
2.34
-1.82
-3.88
5.93
-6.90
-3.96
-8.16
6.85
9.71
-7.44
-8.56
8.46
8.93
-4.56
7.43
9.71
0.09
-4.61
2.45
-2.12
0.53
8.38
2.90
9.64
-1.84
9.54
-5.09
6.54
-7.35
6.04
-8.37
5.00
-2.26
-2.25
4.45
0.84
3.80
6.29
1.22
3.51
8.85
2.66
1.97
-8.70
-8.38
2.93
-5.46
1.71
8.32
6.99
-6.89
2.37
5.38
6.02
5.54
-2.94
9.08
-9.55
-2.88
-8.27
-9.99
-1.25
-9.75
1.28
-9.98
4.70
-4.36
3.82
1.00
6.86
0.86
3.37
3.04
-3.65
4.68
4.66
-7.20
9.22
-0.11
-5.35
9.73
3.01
-9.46
8.63
2.55
6.08
-4.31
1.63
-9.95
2.81
6.88
-6.41
-4.92
7.14
8.39
-1.37
1.84
-5.97
-7.55
-3.64
-9.10
6.83
9.74
7.46
-3.29
7.94
2.13
-0.49
-9.32
-4.46
7.68
-6.07
8.55
8.23
-7.43
4.62
7.83
1.78
-0.23
-8.59
-1.88
-3.34
-5.00
3.20
-6.20
-6.61
-8.17
9.16
0.94
-2.19
-0.95
1.84
-1.84
-1.21
-0.69
4.87
0.25
-5.04
-2.09
4.45
0.50
-4.41
8.38
2.58
-6.18
-9.05
0.72
-8.34
2.74
-9.50
-6.93
-9.14
0.68
1.59
7.58
8.00
8.50
-7.06
7.16
-0.56
4.27
-0.27
-5.19
-7.57
8.52
7.64
7.31
2.29
-3.88
-4.78
-3.26
6.62
0.81
-4.87
2.72
8.16
-3.92
-6.55
-6.66
-7.66
-2.53
-0.07
-3.28
8.15
-8.48
-5.69
6.15
-6.46
0.77
6.83
2.98
-4.96
-3.43
-8.69
-2.53
-1.39
8.95
-1.70
-9.09
-1.41
7.04
1.17
-4.78
1.38
6.30
-8.54
-0.46
-4.09
-1.57
6.40
1.77
5.90
-3.67
8.50
4.05
1.37
-3.67
3.72
4.91
7.10
4.08
1.41
-4.34
-5.83
6.25
6.65
6.30
8.72
-5.04
-9.27
-2.68
-8.00
1.91
6.06
6.90
1.73
7.52
-0.04
7.64
-4.04
-3.64
2.94
-8.14
2.69
1.44
9.44
-5.94
-8.71
6.68
-7.51
8.39
4.28
7.43
-5.95
8.45
3.68
-9.30
8.28
5.92
-0.82
9.01
-6.76
4.71
0.92
9.30
1.61
-3.82
6.83
-8.42
-2.66
-3.69
-2.06
-9.72
-1.83
-5.84
1.72
1.13
1.74
6.53
1.34
7.76
4.92
-4.38
8.71
-7.51
-2.40
5.91
-3.28
-4.12
1.83
9.42
-5.11
5.08
4.13
9.34
4.38
-0.73
-0.96
4.73
4.37
6.38
-8.96
-4.17
6.67
2.74
3.51
1.91
-2.61
-4.74
-1.55
8.73
-3.46
-3.11
-5.64
-4.75
2.91
1.96
-8.84
9.63
-8.64
2.99
-7.43
-0.23
-1.93
-9.77
-0.89
-4.02
-0.50
8.15
-9.29
-2.61
8.06
-4.72
3.22
4.73
-8.46
0.26
0.16
-1.07
5.52
8.61
-2.33
-7.94
-0.97
2.03
-2.69
-8.06
-2.49
-1.53
-4.91
2.39
-5.02
-2.34
-7.84
3.06
-2.11
4.80
-7.44
-9.09
6.47
-3.21
1.82
4.53
2.07
-1.43
2.78
3.61
8.83
-7.05
-7.45
7.87
-4.92
3.74
9.93
4.11
-0.71
0.76
6.05
6.80
-7.25
-5.34
2.71
-2.27
2.33
4.87
-5.69
-6.26
3.19
-3.13
-1.82
-0.33
3.67
-6.48
-2.28
-4.26
2.09
-9.49
-7.12
0.92
-3.02
-1.05
-1.21
2.06
-7.31
2.24
-3.82
1.98
-3.48
-4.25
2.30
-0.73
0.42
-4.99
7.01
-3.73
-6.60
-5.16
3.53
6.60
1.72
-4.77
-0.21
-4.61
-1.24
7.51
4.65
-9.15
-8.46
-8.95
5.30
-1.48
0.00
-2.39
-9.41
2.69
-6.62
0.29
-5.33
-0.10
9.56
-9.51
9.18
3.50
-4.50
9.71
9.77
-1.09
-5.45
6.83
-0.97
9.79
-7.94
8.82
-1.30
0.82
6.33
-3.12
5.20
7.88
-2.07
4.02
-0.08
-8.54
-8.37
0.51
7.67
-4.99
-5.68
-7.65
8.44
-6.11
-3.64
7.62
7.39
1.87
-9.15
-9.31
-5.70
-1.08
7.52
3.33
-1.28
-6.90
2.15
-9.06
7.45
2.00
-2.18
6.17
3.40
9.28
0.19
-6.67
-9.26
5.34
7.36
8.41
-6.12
-8.31
-5.72
-7.68
-0.90
0.65
-6.54
0.01
-3.96
-5.69
0.70
0.34
6.75
1.74
-2.81
-4.53
4.85
9.34
-0.06
5.82
4.86
7.76
1.99
-1.73
7.04
-7.82
5.12
-8.70
-8.96
6.00
9.72
-5.08
7.69
-2.48
0.76
0.31
8.17
4.22
-9.67
-5.79
-7.95
4.55
8.07
8.81
-3.70
-4.74
-2.20
-5.33
-1.88
7.74
-9.51
-7.01
5.51
6.00
4.78
6.07
8.18
3.42
7.38
-7.26
-0.58
-9.38
-2.33
0.64
-1.86
8.43
-9.05
-0.16
2.66
-5.20
7.57
8.23
9.36
5.65
7.04
-0.82
-5.57
-5.15
3.85
2.56
-3.89
7.86
9.07
-4.86
3.86
7.37
-8.78
5.56
0.79
-7.88
8.30
-9.79
-7.26
-0.51
4.37
4.40
-2.07
8.85
-5.76
-5.89
-6.35
-8.18
-4.14
-3.47
-9.01
-7.09
5.71
-4.58
1.28
3.08
7.98
7.39
4.46
-9.43
-7.46
1.84
7.94
-2.72
0.92
-1.27
-0.60
-0.77
2.47
5.66
-7.76
0.36
0.06
0.17
-0.79
4.31
7.80
6.39
9.65
-6.33
-7.08
-9.36
0.10
-7.84
-3.94
-5.10
8.76
-2.43
-7.71
6.75
1.66
-1.65
-1.41
-0.39
9.15
9.52
-8.14
-1.45
2.27
7.85
-2.27
4.51
-1.78
7.80
-1.79
7.43
5.63
-0.47
7.34
5.28
6.72
-6.21
5.92
0.34
-4.05
-4.50
5.24
-1.77
6.59
-8.94
-5.02
-1.74
-0.59
7.10
7.87
-1.43
-9.86
-6.75
-9.36
2.41
-8.89
-1.62
0.44
-0.67
-3.82
8.65
0.28
-4.67
1.71
-2.37
-9.39
-1.57
4.94
-9.95
8.78
-9.11
-0.93
4.02
2.64
-4.33
8.60
-8.85
7.45
-1.98
-8.23
8.84
-9.89
-8.09
-7.91
-9.25
7.84
-3.28
2.65
-1.72
6.05
-7.65
0.46
-0.14
-2.32
-7.83
-8.99
-1.71
4.12
5.95
1.86
6.42
-9.64
-9.06
3.97
6.52
0.13
2.57
7.67
-2.42
-9.41
9.44
-3.58
-5.78
-8.65
2.03
-5.02
-7.29
8.76
-8.85
1.00
8.33
-6.49
-8.54
-1.81
1.19
-2.85
2.72
-6.99
-5.21
-1.33
4.87
-8.78
2.55
9.33
5.19
-0.92
-0.54
-2.24
-3.25
7.04
1.88
-0.28
-3.02
6.10
4.59
-7.46
-5.40
7.31
-8.70
-4.24
-1.69
9.63
-0.73
3.29
1.35
-6.02
-6.04
-5.93
-3.01
-1.25
6.27
-8.13
-0.03
-1.18
-8.80
-1.32
7.90
0.67
9.97
-1.82
1.23
1.85
7.90
-8.26
1.47
2.49
-5.72
9.60
3.32
-0.90
-1.12
-4.85
2.25
8.15
-8.04
-6.40
-4.35
-4.08
1.20
2.65
8.20
-2.53
4.52
-1.83
9.81
9.24
-9.62
-8.76
3.43
-9.65
-0.58
-1.81
2.20
0.84
-0.07
-2.81
-3.15
7.73
-3.21
-9.82
-3.17
5.67
-4.67
9.08
7.34
-2.70
-3.79
-7.00
3.22
7.41
5.65
4.94
-1.60
3.69
-3.36
1.73
2.93
-2.98
2.97
-0.11
-2.63
-4.09
8.08
-6.91
6.75
-1.99
3.80
-6.39
-0.74
-9.40
-6.21
6.09
9.79
2.64
8.69
7.14
9.94
-5.10
-6.34
6.69
-4.17
-7.17
1.63
7.75
6.52
8.27
-0.51
2.97
-1.19
-4.02
-7.14
6.18
1.90
-9.06
-7.21
-1.35
2.47
6.60
5.78
-8.27
7.20
9.57
7.82
-9.49
2.22
-9.96
7.65
5.68
-5.06
-5.17
2.37
4.30
-2.34
-2.47
2.05
-2.30
-0.68
-4.94
-9.32
8.14
1.05
-2.94
7.84
-7.05
-1.99
-9.36
5.12
-6.00
7.24
0.91
-4.26
7.96
4.00
-2.92
8.47
-0.26
-2.88
9.65
-4.57
5.59
-5.52
-8.68
3.41
5.67
2.37
-1.02
-6.63
-8.30
4.05
-2.43
9.84
-4.90
4.64
7.68
1.57
-3.83
-8.16
-3.31
0.17
9.08
-8.88
9.43
-9.44
5.13
-3.48
-7.44
-5.13
7.16
-7.79
0.30
6.27
0.21
5.15
3.20
-4.12
-2.48
-7.81
2.78
-0.78
6.24
-9.65
2.58
-5.14
4.99
0.27
6.43
-8.84
2.11
-3.36
4.86
4.72
-2.23
4.29
5.28
-7.10
-5.67
-8.64
-2.23
-4.98
-6.43
-8.40
-5.19
7.31
6.75
8.02
-3.29
-5.73
-9.79
9.49
3.50
9.97
9.85
-0.40
-5.17
8.36
9.87
-8.74
-6.95
5.51
-2.10
7.91
3.75
9.19
2.20
2.55
-7.91
-9.94
3.92
3.39
-4.92
-8.99
4.99
-0.11
8.32
1.74
-2.09
-1.44
9.53
1.64
-1.95
6.55
1.61
1.42
-3.84
6.44
3.31
-0.45
-8.78
6.36
-4.94
2.65
4.27
-7.67
1.84
-0.01
4.89
7.46
3.57
-1.19
0.85
8.65
-0.18
-4.16
2.07
1.67
-8.90
9.98
-9.77
-5.85
5.15
1.80
-9.29
-3.24
-3.25
0.39
-3.27
-9.94
9.94
-2.05
6.42
-1.47
-5.88
4.21
0.86
9.49
-2.28
-0.73
6.95
-8.70
8.08
-2.20
-6.53
1.43
7.16
5.54
-6.90
-8.22
9.05
-3.15
-4.07
4.20
8.65
0.16
-5.52
-1.08
-5.93
1.21
-1.02
-2.46
-7.31
-1.08
6.07
-3.19
-3.35
0.45
-3.70
4.38
9.73
-6.75
9.20
7.81
4.57
-3.81
2.76
1.73
-8.26
9.38
7.03
-5.69
-3.77
-3.51
-7.97
-1.59
-9.83
-3.49
7.33
-5.75
7.73
-3.68
1.79
-9.58
8.76
1.38
-2.77
-4.58
-8.17
7.06
-6.68
-4.92
-9.69
-3.96
-3.58
8.41
2.23
9.18
0.14
7.49
8.57
0.70
-4.68
-5.20
7.19
-2.65
6.73
-9.12
3.87
4.07
-1.35
1.60
-6.09
-9.56
5.54
-7.33
5.34
-7.23
1.61
7.18
-6.65
8.45
-7.74
-6.33
-5.51
2.20
-7.92
-9.75
1.39
5.74
7.74
-0.04
-0.04
-3.41
8.28
0.67
3.94
8.54
1.56
-2.19
2.61
-9.79
-7.07
-9.96
-5.82
8.47
-3.77
9.52
-5.23
7.85
-9.78
-1.88
6.30
-3.99
1.79
-5.68
8.21
7.39
-5.43
-0.40
6.66
-4.17
-6.92
-3.38
2.42
-5.11
7.30
-3.63
-6.57
-1.14
7.70
9.56
2.59
-9.36
-6.88
6.77
9.11
-0.65
6.30
-6.12
0.72
-9.96
2.01
0.55
-3.95
-2.68
4.87
-5.73
-1.76
9.44
7.39
-5.10
-1.21
-9.52
1.52
-5.26
-1.11
-1.18
1.11
5.84
-8.80
2.33
5.40
3.80
2.97
8.52
4.09
5.61
1.39
3.91
9.49
-7.88
3.96
5.02
2.67
-9.99
-7.65
-2.46
-2.20
4.11
0.50
-4.80
9.01
-7.19
-0.80
0.53
-2.45
8.09
-7.12
-7.82
3.93
-2.40
4.52
2.85
-5.08
-2.51
4.89
-7.46
-3.38
-3.72
6.45
-3.88
-1.60
0.41
-5.34
-8.93
3.95
0.53
2.13
-8.25
-5.36
-3.85
0.47
-6.35
-1.03
-6.81
7.71
6.52
-8.72
-5.89
8.71
8.73
1.71
3.23
5.10
-9.84
-5.76
-0.01
-7.30
0.87
9.80
9.15
-9.49
-1.80
3.09
-4.83
2.80
0.56
9.23
-1.55
5.83
-6.13
4.61
-3.69
-2.47
-6.42
-0.50
-1.24
-9.90
4.31
2.87
-7.67
6.56
-1.90
9.08
5.19
-1.74
-6.67
-1.30
4.48
7.72
-1.50
7.16
8.23
-9.77
0.25
-3.08
6.55
-9.19
-3.85
-5.00
6.64
3.55
-6.87
-3.53
-5.40
0.23
9.50
3.36
3.86
7.33
-0.25
6.19
3.89
7.85
5.28
-0.92
-0.36
-7.87
-8.69
-2.36
9.85
-0.19
-5.20
-8.40
0.04
5.05
2.04
0.11
9.38
8.20
5.12
9.55
5.27
-8.23
-3.98
9.87
2.01
-4.48
3.23
-4.13
-7.15
-7.02
-7.94
-9.73
-5.65
-9.14
2.87
7.51
-7.01
4.18
-4.84
-3.64
-2.48
-0.04
-2.04
-8.92
-1.46
-9.99
1.20
-2.08
-8.27
-0.16
0.99
7.00
1.61
7.02
-9.61
-6.38
-3.94
3.62
-0.51
2.44
-9.88
5.08
6.23
-5.53
5.94
2.62
-8.01
8.94
0.33
0.67
-4.70
7.85
-9.37
6.79
8.93
2.69
-9.68
0.13
-5.86
-4.43
9.97
5.13
-3.91
5.11
5.67
-3.52
8.73
-8.26
-9.90
1.75
7.70
-6.26
-3.17
7.45
-1.79
-3.71
0.07
3.72
-1.25
-9.60
-5.61
4.06
-8.23
-1.45
4.37
-9.29
-8.76
4.69
4.36
-4.62
-6.22
7.86
-5.96
-0.13
2.97
9.71
6.35
5.22
-5.03
9.97
-3.03
-7.33
-6.29
7.32
-6.36
5.44
-6.38
7.24
2.69
5.89
7.64
7.08
-0.05
9.42
-0.85
-2.16
-6.35
3.92
-3.95
8.01
-7.18
-0.17
5.87
-3.14
9.70
2.36
-3.42
9.57
-2.41
1.55
9.54
8.08
7.75
-3.23
8.93
-8.61
-7.78
-7.45
-7.85
4.91
-8.04
9.80
5.51
1.92
-7.26
-1.81
-6.72
-3.61
-7.89
-0.66
-2.08
-1.55
9.17
-6.20
5.32
-7.60
9.68
-8.10
-8.03
-2.73
6.97
-4.96
-4.64
4.72
5.33
-5.71
9.64
-8.93
0.36
-8.21
5.98
2.32
-4.89
5.02
-2.24
1.37
-3.27
1.05
7.76
2.36
-6.09
-0.79
-9.19
-6.92
6.53
6.13
-4.52
6.21
-8.45
-2.54
-6.51
-7.95
6.02
2.37
-9.71
1.35
-9.82
9.93
2.43
4.06
-4.75
1.93
-0.10
3.88
0.47
7.67
-4.74
7.20
2.24
-3.46
-0.44
6.15
9.27
3.90
-7.25
5.80
3.55
-1.76
2.02
5.11
9.22
5.51
7.16
8.76
1.40
7.45
0.11
1.58
-9.09
-3.94
-0.84
-0.32
8.00
9.06
-2.92
1.99
-9.75
5.86
-0.80
2.49
-4.07
-7.72
2.16
-4.80
9.70
8.44
-8.99
3.26
-3.32
3.03
1.89
-0.58
2.06
2.57
1.70
-3.02
3.54
-8.19
-7.92
4.45
1.40
1.24
-2.35
-0.60
0.30
8.26
-8.61
0.56
4.12
4.11
-3.43
-9.95
9.92
-7.74
-1.22
9.62
-9.30
-0.21
6.40
0.90
-3.66
-1.71
-9.68
8.40
-9.14
2.02
-4.62
4.41
7.35
0.98
2.38
-1.25
-7.78
-6.44
-8.33
2.52
-8.18
-3.41
-3.40
9.46
-9.30
6.70
9.52
-5.86
8.96
-1.70
-2.71
9.66
-8.39
-6.31
0.56
-2.05
1.99
4.40
-0.13
6.37
-0.06
8.77
0.78
-2.71
-0.25
-3.31
9.57
1.97
0.25
-8.76
-1.99
2.07
-2.17
4.62
5.05
2.06
1.32
8.09
9.72
3.80
-0.09
-2.99
3.46
1.52
0.71
-2.46
9.47
-3.78
-8.06
-0.66
-7.41
1.88
-1.89
3.38
-7.31
-8.62
-6.41
-7.74
3.35
3.84
-2.97
-8.63
-0.57
4.86
9.51
-5.52
0.44
4.35
-7.42
0.17
-1.85
2.49
7.18
-8.39
-2.46
1.41
-0.85
0.53
7.63
4.61
9.88
-9.77
-3.51
1.51
7.13
-0.82
2.90
-9.28
4.97
-0.23
8.08
-8.00
1.14
-2.49
-9.62
4.17
5.51
0.83
-1.48
-8.39
-5.48
6.67
4.11
-8.30
-8.20
-4.83
6.64
4.47
5.70
4.27
-0.92
9.10
8.02
9.09
0.62
8.67
1.80
-2.96
9.39
-3.23
-9.67
-9.01
2.29
5.00
-1.50
2.67
-0.83
-2.46
-2.98
-8.78
-0.85
1.54
-8.59
-3.22
6.77
-6.78
1.95
3.41
-8.79
-2.34
1.20
3.82
-3.24
-0.77
6.43
-9.10
-2.10
-1.77
1.46
0.82
8.52
1.80
1.81
0.81
-3.20
-6.16
-2.99
5.97
1.38
4.03
-9.29
-9.47
-0.90
-7.87
-2.68
-4.13
-1.13
9.27
9.28
3.60
-3.07
0.48
-2.58
7.22
-6.77
-6.14
8.12
1.14
5.61
-0.41
-4.52
4.14
-8.61
7.29
-1.53
1.71
-8.87
5.48
1.20
2.51
3.04
1.92
6.57
-7.86
4.05
-6.11
-1.99
-7.08
-3.32
0.81
6.52
7.14
-5.19
-2.53
4.36
-1.95
4.85
6.00
-7.29
0.46
-4.41
-1.81
-5.40
0.50
-4.52
6.60
-7.79
0.14
2.08
3.42
-3.83
-4.88
-1.14
-7.26
0.78
-7.09
0.15
8.79
-0.65
-9.64
3.12
-0.61
7.50
7.94
-9.62
5.38
-4.01
5.23
1.38
2.22
-4.30
-9.50
-9.59
3.82
4.52
-0.59
0.42
-9.74
-6.93
-7.49
7.20
-0.75
1.15
-3.94
1.99
-8.06
-1.03
-4.33
-5.75
-8.16
-3.97
7.38
4.75
-6.47
5.32
5.14
-7.57
-5.17
0.37
7.33
7.05
6.07
-8.65
-9.02
-0.10
5.88
3.91
-9.68
6.14
6.99
-3.65
6.86
-3.76
-8.97
-7.08
-8.25
-7.03
5.41
-2.58
0.74
7.25
6.97
-1.88
2.00
-5.98
-6.56
-2.86
-3.55
1.79
-8.96
-2.69
2.36
7.11
-1.34
3.34
0.53
-5.46
-2.74
4.38
-5.80
-2.23
-5.75
-8.94
4.01
-4.72
-2.50
9.28
1.77
-7.09
0.23
-7.48
-6.32
-2.80
0.64
5.69
1.23
7.61
-3.65
-8.80
-0.60
0.91
-1.49
-8.23
1.55
7.18
8.63
-7.92
-4.76
-0.59
9.98
2.97
7.18
-5.76
7.55
4.71
-0.48
-4.94
4.00
-8.70
1.49
-5.77
-6.18
5.18
4.95
7.98
4.39
-0.30
5.59
-5.74
0.91
-1.48
5.18
-7.06
3.81
-3.27
-6.36
2.44
2.33
-1.11
-8.14
2.32
-4.62
-7.44
-9.92
-7.07
7.28
3.12
1.51
4.80
4.42
-6.99
-7.45
-8.24
8.19
7.50
-6.73
6.10
-2.79
8.86
-9.64
-8.36
-2.62
5.54
-1.90
-8.81
-4.21
1.75
7.16
-8.35
-5.84
-7.46
3.97
-0.46
-4.90
7.57
5.99
-4.10
0.69
-2.49
-9.30
-1.36
0.52
-6.75
3.92
2.23
-5.72
7.19
-1.67
5.01
6.06
2.21
-9.83
-3.04
1.28
-1.73
1.68
7.07
-6.46
-1.16
8.72
-2.30
4.90
6.21
-9.24
-10.00
3.78
-9.72
-4.09
-2.00
-2.21
0.13
6.64
-8.17
6.91
4.08
7.58
-8.81
1.28
-0.57
6.20
0.86
-8.36
9.89
7.82
2.92
-1.84
3.02
0.00
1.71
-4.62
2.24
-7.07
-9.72
1.98
-2.78
-9.71
-4.24
-2.50
-0.28
7.28
8.81
-6.63
7.44
-9.36
-9.72
1.53
-8.26
-5.01
-7.19
1.17
-5.29
3.67
2.81
-5.40
5.01
-4.26
2.77
1.56
9.26
-2.00
6.94
5.02
4.45
7.23
-3.00
-4.81
7.52
6.29
2.69
0.76
3.57
5.02
4.13
1.02
5.66
7.94
-7.45
-9.08
-7.07
-1.12
2.09
-2.35
-3.93
-5.09
5.77
-5.40
4.17
-1.46
6.16
3.43
-9.94
3.11
-1.55
8.04
0.34
8.98
-6.77
1.38
5.27
5.93
-4.34
-1.16
4.47
-6.69
-6.62
0.14
-8.75
-0.55
4.58
-2.29
8.33
-3.32
8.88
-2.08
1.59
4.65
2.53
-4.24
-3.28
2.21
-7.29
0.30
-4.68
4.68
-1.66
9.18
3.66
1.58
4.08
-1.07
1.03
9.74
-8.70
-4.50
-6.94
-5.32
9.16
-2.17
4.14
3.75
5.54
5.99
-9.57
4.42
-6.08
5.54
2.60
9.97
-5.18
9.32
2.18
1.05
-0.38
-8.97
-4.27
7.97
-9.79
-7.08
3.07
4.30
