3.83
-1.14
-2.23
-0.85
7.93
-6.65
3.86
-5.08
-3.51
4.21
-6.38
-9.73
-3.10
-9.41
7.63
9.26
-4.60
4.26
1.72
7.36
2.11
3.68
-4.33
-5.71
7.82
5.30
-1.38
1.23
-9.33
1.35
9.29
8.02
-9.78
0.58
0.69
-8.33
3.93
-5.44
0.11
-9.58
-7.71
3.73
-5.79
-0.81
7.84
-4.63
1.98
-6.76
-6.85
-6.30
-5.87
5.26
-9.09
-0.20
9.56
8.73
-1.38
1.70
-0.04
2.81
-6.95
-0.75
0.84
-6.73
-6.64
-4.95
-1.54
7.29
3.13
8.57
-8.76
8.95
5.82
-4.55
-1.86
3.67
4.34
-6.36
-9.57
7.50
0.87
-1.92
2.76
1.78
7.88
5.84
4.03
-3.49
-2.46
-6.01
9.32
0.60
6.76
3.68
7.39
-9.88
-7.74
-4.14
-9.06
5.39
