-2.05
-4.30
4.34
-6.22
4.67
-3.99
-9.03
-0.98
3.17
-5.08
-3.48
-2.44
3.01
-7.20
-7.14
4.41
8.65
6.89
-5.56
-3.81
-5.60
-2.71
-9.69
-8.83
-9.03
7.71
-5.19
-3.25
-2.91
-0.73
-4.33
8.56
4.97
-6.47
-4.14
-0.35
3.06
-3.17
-7.81
-3.76
5.28
-1.29
7.32
-1.71
5.03
-9.81
-7.30
3.68
7.08
-2.85
-6.60
-8.51
7.96
-2.77
-3.82
-7.55
-1.54
4.51
-0.79
5.55
-6.21
4.88
7.64
-7.72
8.41
-6.50
1.93
5.00
0.34
7.64
-8.76
-0.86
-0.13
8.56
7.43
-5.09
-7.73
-6.35
8.59
9.36
4.32
-4.49
-5.63
2.28
2.75
4.07
4.74
-8.79
-1.42
-6.05
-9.71
2.37
-7.65
7.93
8.18
-5.72
-8.57
0.11
9.28
5.29
