5.37
-5.90
7.56
6.67
3.12
-9.38
-8.64
2.29
-1.54
9.02
-0.44
-2.48
8.53
-0.01
-4.53
-7.55
-0.95
8.07
-4.06
3.87
-9.09
-8.35
-5.08
0.53
-7.32
4.17
2.02
-3.59
7.09
-4.91
-5.77
2.47
2.71
-8.20
2.66
-0.64
-4.06
7.54
-8.35
4.40
6.56
4.73
-4.55
5.10
-1.76
0.92
-8.93
7.29
2.51
0.54
4.68
3.42
2.19
9.60
-6.05
4.87
7.29
9.50
-8.72
7.91
-1.89
-0.96
3.90
-5.65
0.84
-3.44
3.71
6.78
-5.89
8.88
4.71
-5.81
3.61
-9.84
-7.19
-8.15
4.60
-6.11
-7.34
-2.89
4.43
7.34
-9.47
0.14
-9.54
-2.00
-4.99
7.75
-2.50
-0.19
9.18
5.62
8.85
3.08
-6.51
-0.31
-6.83
7.20
0.00
-2.72
9.60
-5.29
4.99
3.21
-1.61
7.81
8.58
-7.01
-4.78
-8.76
0.10
-6.83
8.58
0.63
3.31
9.04
8.63
-8.16
-9.69
-0.34
1.65
9.50
-1.20
4.03
2.58
2.29
-2.76
5.75
-0.51
7.24
-3.45
2.61
-4.53
-4.93
-4.18
3.86
-7.12
-2.08
6.85
1.62
-0.84
-3.05
8.31
1.26
-8.90
5.14
0.30
9.74
6.98
0.61
2.92
2.15
0.11
-8.28
-3.82
-3.78
4.01
6.95
-4.51
-2.98
4.19
2.05
9.63
9.67
-9.36
-1.03
3.53
-2.96
6.89
3.91
8.66
-3.95
-5.62
-9.51
7.31
-4.51
5.63
1.13
-1.25
6.13
-4.74
-8.33
-1.72
8.90
-6.61
7.99
-4.88
-9.08
8.46
4.13
-2.06
2.65
-0.30
1.09
5.84
0.34
-9.94
-0.62
7.38
6.95
-3.19
9.56
-3.48
1.19
-9.95
-2.65
6.68
5.68
-8.00
-1.05
5.33
-2.74
4.14
-2.86
-0.32
7.53
-1.35
4.80
-8.03
-2.89
2.46
-0.09
9.76
-7.84
-9.00
5.61
2.51
-5.42
-1.49
3.41
-4.95
8.84
2.98
5.09
0.03
3.03
-7.56
0.24
2.24
-2.04
9.19
-2.43
8.75
3.34
8.23
-1.57
4.39
-3.12
-3.24
6.37
3.99
9.22
-0.20
7.28
-5.10
4.33
6.41
7.41
8.91
-5.08
4.35
-6.03
-6.24
-2.67
9.06
7.31
-6.12
-4.97
-2.45
6.12
2.99
0.27
-2.78
5.26
-2.87
-4.55
-6.30
-8.48
2.34
0.46
-8.59
-0.15
3.20
1.22
-2.87
8.10
-4.45
-6.46
9.04
-2.02
-1.54
3.39
1.95
5.74
-9.28
4.54
3.06
-5.40
9.57
-5.87
-5.75
6.08
4.40
4.99
1.35
-8.47
-9.56
8.57
-3.42
6.30
-0.97
-2.01
-3.84
-7.77
-7.27
3.29
-6.15
1.80
6.84
-7.11
9.79
-1.18
6.28
5.26
-1.91
-9.48
-0.20
-5.33
-1.35
2.89
-1.20
2.90
2.50
-3.27
-2.11
-2.63
1.78
1.85
-4.06
8.36
-1.84
8.49
-0.12
4.32
-5.76
6.13
-2.39
-1.91
1.46
-2.03
0.99
1.25
-9.68
0.79
0.03
-1.59
1.32
9.84
3.08
9.97
6.25
-4.60
6.39
-1.25
5.65
-2.20
6.12
-2.56
9.65
-4.42
-0.68
-2.19
-5.93
-7.28
-4.35
-1.69
8.86
6.79
9.93
0.32
-5.24
0.92
-4.91
-4.92
-8.29
8.64
7.01
6.55
-8.00
0.09
-9.96
8.26
9.02
6.43
0.53
4.67
-5.77
0.18
-4.37
-2.59
5.76
4.96
5.22
9.84
-8.80
-5.60
1.67
-9.94
-8.81
1.60
3.90
-0.53
-3.96
-7.49
8.08
1.28
-8.84
5.09
-2.17
-6.84
-1.29
-2.12
-5.06
-2.27
-2.17
5.48
-4.08
5.59
-4.34
1.56
-7.00
-8.58
0.04
-8.26
-5.22
1.24
-3.86
9.98
4.83
-2.67
1.58
2.25
-9.67
7.63
4.77
8.41
2.43
9.45
3.50
-9.74
-3.87
-7.79
1.66
1.08
3.46
-6.98
0.08
-7.09
8.61
5.74
4.47
-8.39
-9.32
-1.97
-6.65
-1.01
9.27
-0.50
-1.03
4.10
-9.65
-5.93
-0.12
-9.32
-4.78
-5.35
-7.39
7.65
-2.38
6.12
-8.56
3.75
-8.15
6.62
-1.65
8.84
9.64
8.43
-8.25
8.25
7.69
9.74
9.86
-8.10
-2.23
-3.26
0.89
-2.96
9.76
-6.62
-5.33
-6.37
-2.55
4.55
-2.16
6.20
-7.28
0.45
3.85
3.86
-3.43
8.81
1.13
1.95
5.44
9.49
0.79
5.08
-8.56
2.54
6.86
-7.34
5.80
-9.76
-5.44
-6.43
-3.02
5.45
4.13
0.26
-7.65
-7.68
3.90
-0.20
-9.61
-8.26
-0.48
-3.37
2.19
-6.62
-9.51
-7.71
-4.29
1.63
7.76
-8.85
4.64
-1.45
9.76
9.60
-5.39
6.62
-7.74
-9.59
-9.62
-3.18
-2.50
0.89
-4.21
-8.37
-8.85
-1.86
-6.04
8.57
-8.53
-5.65
-9.69
0.99
0.99
6.03
7.89
5.00
-8.16
-6.39
0.15
-6.88
-1.72
-1.69
1.67
1.56
-2.08
9.80
1.70
0.18
-6.27
2.09
-9.47
1.23
-7.02
-0.16
2.86
-5.87
7.99
-9.66
-3.77
-7.02
-1.78
0.06
7.49
-7.27
-3.91
8.91
7.73
1.45
-3.96
1.41
4.57
4.32
9.72
-0.24
-0.59
-2.36
3.08
-8.89
-8.65
6.81
3.20
-4.60
-1.96
6.18
5.24
-5.57
-6.16
6.75
-1.71
0.07
9.73
6.51
-9.87
-9.25
-7.24
-0.25
9.66
-5.98
-5.28
-0.78
5.43
-7.18
-2.94
5.15
6.10
6.47
-3.68
-0.81
7.59
1.19
-0.48
0.79
6.59
-8.91
0.50
1.83
-0.96
4.34
-1.41
7.33
-2.07
1.84
7.37
1.58
6.11
-9.87
-5.15
9.29
-5.85
-0.42
-1.49
9.58
5.92
5.58
8.26
2.02
2.05
-5.42
-5.27
-0.36
5.77
4.26
-6.04
5.88
5.35
4.46
-2.29
-2.09
2.32
9.82
-4.76
-9.75
5.19
-7.39
5.35
1.30
-3.73
-9.79
4.12
0.42
3.31
-7.37
3.53
-0.77
8.21
1.79
-5.23
3.79
9.89
-0.49
-6.57
9.18
-2.71
-2.61
5.06
-3.84
-4.63
-3.71
4.07
7.69
-3.88
-7.17
-8.54
-5.17
-1.03
6.82
9.65
5.24
-9.45
3.77
-0.82
7.38
6.41
-7.29
-3.39
8.14
8.02
4.90
1.93
-8.57
-2.07
8.89
-9.39
5.22
-0.20
5.67
-5.10
5.18
-8.03
8.97
6.39
1.61
-4.67
7.86
6.44
4.30
8.20
9.61
-0.46
-7.73
3.39
8.72
9.65
3.32
-5.04
-0.22
1.46
-3.50
-1.80
-6.60
-2.06
6.14
-4.19
2.07
4.88
5.61
-2.25
9.79
4.31
3.24
-7.72
0.71
-1.63
-2.39
2.09
-5.19
-4.57
3.81
-5.58
4.97
6.08
-8.67
7.22
9.25
4.65
-7.82
-0.97
-3.88
2.20
-9.25
3.04
-9.86
6.89
-7.63
2.22
5.30
7.98
-6.51
5.09
2.30
-9.75
-9.11
-6.99
-1.38
2.03
8.62
6.95
7.46
2.43
-5.11
5.96
-1.49
-3.77
3.18
-2.24
-5.60
8.88
-9.69
4.04
4.60
-8.94
0.60
8.27
-8.52
2.97
4.01
6.78
0.96
7.50
5.39
-3.22
-8.73
9.80
3.31
-0.11
1.83
1.93
0.36
2.82
-5.64
5.25
2.30
2.87
-5.00
-4.52
-5.85
-0.59
-2.12
-2.02
-3.03
-7.52
2.56
7.58
-9.25
7.56
0.55
8.28
4.34
-4.97
5.78
3.25
1.81
-9.43
3.06
-4.88
3.98
-1.59
7.05
-5.66
-8.77
-8.59
-6.88
3.53
7.80
1.64
-7.47
-4.53
-5.43
3.93
6.97
1.55
9.94
3.06
-0.87
-5.79
0.62
-6.80
-7.50
-1.51
-1.76
-8.20
-8.26
-9.95
-7.62
4.80
-4.82
6.36
-6.78
-4.25
-5.77
-2.03
-2.83
-2.65
-4.97
-1.51
8.99
1.08
7.49
-6.43
-4.98
4.46
5.12
-5.04
-2.48
-2.23
2.69
8.15
0.97
5.19
-3.36
9.21
7.00
1.90
-7.21
9.38
-3.29
-2.03
9.26
3.45
7.24
-6.51
-8.58
-2.07
0.84
-0.03
6.43
3.36
-8.94
3.92
6.93
-3.92
1.90
5.57
4.56
9.43
-6.66
-2.75
-8.90
4.31
-4.03
1.26
7.05
-7.03
-6.84
9.84
-4.13
3.39
1.33
-1.35
-3.16
-1.43
5.67
1.79
6.51
-3.49
-8.24
6.46
-6.61
-3.66
0.38
-6.16
5.94
-7.72
9.41
4.02
-4.77
-3.73
-5.20
-3.67
-9.41
0.77
-8.89
-8.84
7.26
-5.72
-9.00
-3.35
-8.81
5.85
5.30
-1.96
-5.58
0.97
-6.65
-5.55
-8.99
-1.37
-9.09
-2.08
8.50
4.81
1.77
4.44
-9.38
1.18
-1.53
-4.15
7.46
3.27
5.71
-8.43
-5.96
-9.66
-3.75
-5.18
-1.86
0.77
1.47
-0.66
-3.38
0.29
-9.10
4.56
-5.21
-5.75
9.02
-4.20
6.40
-6.55
3.72
4.90
-8.21
-0.99
-0.65
-7.59
-9.80
-8.66
1.78
-8.82
8.13
-2.51
-7.25
-4.31
1.36
2.52
0.51
9.50
-6.71
-8.02
-1.16
-0.09
5.79
-0.26
-2.01
-9.42
7.51
-2.99
-0.10
7.44
3.99
-6.37
2.34
5.78
2.64
-4.79
-8.29
6.36
0.07
3.49
7.54
-1.80
-5.49
-6.19
3.89
5.87
6.33
-5.60
5.37
-6.86
-0.10
-5.78
3.05
-4.30
7.48
-8.95
-0.20
8.52
1.58
9.71
5.96
-0.91
-3.14
1.82
-1.61
-6.98
-9.44
0.10
9.39
0.63
-6.40
-9.55
8.84
1.63
-2.21
2.73
-2.50
-2.36
-9.34
-7.13
0.79
4.08
0.61
-2.64
9.78
1.62
1.93
3.11
0.14
-2.96
2.82
-0.38
6.13
9.68
-8.56
-1.95
-7.30
-8.00
8.15
-4.39
6.16
-4.73
-3.93
5.00
6.90
7.38
1.25
-2.08
-4.98
5.43
4.32
9.33
-0.48
-5.07
-3.30
2.82
-9.93
-7.85
-4.07
3.73
-0.81
-7.73
-6.65
-1.15
-8.05
-1.68
6.90
-5.34
3.84
8.57
3.79
0.00
-2.63
9.86
-1.48
-5.73
-9.24
-6.70
2.20
-4.21
8.73
-3.48
-1.36
1.77
4.97
5.34
-1.88
8.57
-8.98
7.57
2.30
0.21
9.85
9.18
-7.42
-8.20
1.02
-7.00
-0.02
-5.14
-8.42
-6.22
4.87
-1.05
-2.84
-3.09
6.74
-2.07
0.21
2.46
7.24
2.47
-7.50
-4.12
-2.24
-9.00
-5.25
5.88
9.57
-4.23
3.46
5.39
9.50
3.31
8.09
-7.91
8.63
-0.89
-4.91
-1.38
3.98
0.19
2.40
2.37
-7.34
-6.92
9.28
-7.07
1.01
3.02
5.39
1.77
-4.51
7.90
7.66
3.25
-7.58
-7.59
2.66
-4.49
-1.82
-3.88
-9.10
-2.32
-7.05
-7.48
3.29
-8.42
1.63
-8.09
0.20
-0.87
2.10
-3.88
-8.50
4.77
2.73
-5.69
7.70
-2.74
7.33
6.61
9.04
-3.66
8.03
6.70
-6.89
-9.55
-7.37
5.77
-4.04
4.33
-4.59
0.39
-4.47
1.88
2.91
8.83
3.47
-5.46
-9.26
-2.81
3.68
6.36
6.84
8.70
4.65
-0.43
-6.99
5.87
6.83
-6.14
2.49
5.87
3.72
0.52
6.09
-9.64
4.50
-7.76
9.65
-9.54
-9.91
-4.93
4.37
-4.37
-9.53
-2.72
-2.02
3.94
5.35
2.24
-8.86
-0.97
-1.40
7.98
1.25
-6.74
1.07
7.79
9.13
-2.10
-4.83
5.14
-2.70
8.90
-4.33
-3.09
9.26
-6.31
-0.84
8.91
-5.85
2.77
-2.50
8.53
8.40
-2.02
-0.67
-3.62
-4.56
-5.32
-7.86
0.10
7.23
0.75
-1.92
-1.51
7.53
-7.33
-3.72
6.66
0.58
4.97
5.33
-8.60
3.87
-9.00
-1.69
6.65
-1.79
-9.01
9.09
2.36
3.77
-3.41
4.41
5.69
8.09
-2.73
-4.40
-6.46
1.95
-2.26
3.64
-0.81
8.49
-4.75
-8.80
6.02
-2.08
1.00
6.21
-7.98
-4.03
1.54
-6.58
-6.63
6.06
5.26
-9.98
-2.21
9.77
9.11
-9.85
3.54
-0.77
8.09
-0.76
0.84
-4.64
4.84
7.90
-9.17
-3.90
1.55
3.54
-5.40
-9.68
4.74
-5.86
1.76
-0.74
-6.13
7.31
5.24
8.93
-9.27
8.61
8.51
9.51
-7.85
-3.70
9.29
-8.73
-0.02
2.83
4.02
1.59
-4.41
-5.14
-9.53
-6.05
-7.23
-8.70
0.06
7.84
4.85
8.18
-8.32
3.11
-7.68
3.44
-7.62
-0.28
0.75
7.62
-1.35
5.01
9.75
0.69
4.52
-8.10
6.99
3.81
-3.31
0.49
0.17
-5.77
-7.92
9.28
-0.90
-7.45
-6.76
5.39
-6.14
6.82
3.23
-7.77
5.00
8.43
8.86
-9.16
1.87
-8.76
0.56
-3.85
-7.62
-7.26
-5.32
-7.87
3.43
9.20
-2.44
3.94
6.54
7.77
-5.56
0.23
-7.99
-3.48
-0.49
4.63
2.60
6.27
0.02
9.98
3.09
-3.23
-7.79
-1.91
-4.80
-8.93
-1.06
-9.41
-4.16
-6.98
-3.26
-1.78
-4.24
1.42
3.88
-7.29
4.15
-5.04
6.66
4.21
-3.75
-5.38
-5.56
-1.74
1.14
3.95
-7.11
-2.74
3.75
6.43
-2.76
-3.16
-6.80
2.97
8.46
1.92
7.57
0.92
2.52
-6.59
3.94
-7.22
5.15
-6.77
7.73
2.55
-4.06
1.88
7.51
-3.88
-0.39
-6.23
0.74
4.05
5.55
-4.59
1.52
-8.03
6.19
-4.73
8.40
-6.56
5.64
-4.87
6.41
4.10
7.05
3.98
-4.98
3.09
-9.09
8.96
5.88
6.07
-4.29
3.61
-1.38
1.66
-0.99
-0.34
-8.70
8.62
6.95
5.57
2.67
2.50
-5.50
-2.29
7.99
-9.31
2.99
9.92
-2.35
-1.37
-4.95
-5.93
-7.27
-4.38
-8.43
1.27
8.72
-7.51
0.23
8.12
8.56
5.95
1.73
0.70
1.13
-9.26
-9.64
5.95
9.36
7.31
5.04
5.55
3.34
9.54
-6.74
1.33
-6.24
9.77
1.25
1.41
1.92
9.82
5.48
8.17
-1.03
7.06
-0.56
1.21
-6.93
-6.80
-0.67
-8.37
-7.33
-8.94
2.33
3.80
-4.68
6.22
3.27
-5.32
7.05
-1.68
-6.25
0.39
1.38
-2.99
-4.75
5.14
0.31
6.50
0.08
-7.77
9.85
-4.44
-9.59
-1.18
-3.86
-0.15
-9.97
-0.79
3.05
-0.64
4.36
9.24
3.94
0.22
6.56
9.26
-3.56
-0.16
-2.54
-6.51
-8.32
1.21
7.41
3.06
-8.26
-7.34
1.73
2.05
-7.32
-8.19
4.29
-3.95
0.89
8.22
4.87
-9.44
1.59
8.42
3.29
-1.83
1.30
-2.34
-2.59
-4.76
-8.60
-6.02
-1.98
-2.16
3.82
5.48
4.85
5.50
0.21
5.78
2.08
1.96
8.44
-6.19
-2.47
-5.35
-0.86
-8.18
0.70
-9.96
-6.44
-0.90
-9.40
5.16
1.04
3.89
-6.67
-7.65
-4.93
0.74
-2.41
-3.53
4.72
9.14
4.31
2.06
4.62
2.69
1.08
-1.64
-1.53
-6.83
-9.68
0.44
0.50
1.37
8.61
9.65
6.72
2.83
9.69
-9.72
-4.55
-6.19
5.44
6.50
7.70
8.77
8.85
-7.22
3.04
-0.04
2.77
-2.24
-0.90
0.61
-6.65
-2.75
-6.70
4.43
5.61
5.29
-8.88
9.45
-0.75
1.63
0.82
1.38
4.80
1.06
-5.78
4.49
1.35
-0.33
-8.18
-3.21
-0.31
-6.96
-0.91
-1.46
-4.18
-7.87
-7.97
-7.88
3.41
1.13
2.73
6.76
-8.10
6.03
1.20
-8.97
4.84
2.32
-6.00
-2.38
-2.53
4.83
9.00
-7.73
-4.11
-6.78
-9.72
-9.24
6.42
-7.90
-2.44
-3.89
-4.85
-9.83
8.18
4.49
-7.70
-9.79
6.61
5.71
4.86
-0.66
2.48
6.77
-1.11
-2.80
7.80
-6.26
9.52
-8.19
1.36
-3.00
-9.84
0.36
-0.73
-0.43
7.11
-0.44
3.86
7.05
5.18
-8.58
-3.32
-9.67
-4.89
-5.14
4.83
-2.59
-4.93
4.96
-3.36
-6.54
-5.69
9.12
-9.77
3.20
-3.68
-8.45
-9.54
-0.63
-3.12
5.34
6.37
0.56
-0.77
-0.84
-6.34
-3.66
-7.76
7.52
-3.09
7.43
8.94
3.59
7.76
-5.95
8.46
6.11
4.98
-2.95
1.08
-8.38
0.51
8.91
-5.73
4.26
2.11
4.11
9.34
6.10
-6.52
-3.78
1.44
-6.63
-9.69
-9.33
2.54
-6.03
0.53
8.30
-8.51
7.44
5.73
-6.05
1.04
7.02
1.52
3.02
6.65
-3.50
-9.93
-2.27
1.64
4.11
0.16
5.91
-1.63
-4.20
3.55
1.23
-8.10
7.03
-9.02
3.34
-6.07
-8.71
7.54
9.99
-4.74
1.59
8.29
-3.25
-0.96
7.55
4.22
-6.40
4.57
-4.26
6.62
4.74
5.76
6.69
-4.00
-2.60
4.32
6.16
-3.16
-3.78
-8.04
-9.61
7.45
-6.14
-9.06
8.43
-9.27
-1.61
9.72
-8.21
-1.62
-1.50
3.38
-3.32
8.77
-7.58
-2.25
2.99
-0.46
-4.16
8.73
-3.84
-9.42
4.49
-3.62
-3.42
-4.58
-9.30
-7.25
5.78
0.44
-1.77
9.69
-2.10
2.10
-9.37
-0.15
6.35
2.55
3.10
8.14
-9.07
-8.40
5.04
1.13
-9.62
-9.01
8.88
3.37
0.53
-5.28
5.63
6.70
-1.17
3.64
-3.40
5.41
9.06
0.82
-8.32
8.36
-8.73
-0.08
8.05
2.69
-4.46
-7.79
-7.46
-8.11
4.76
9.16
-6.45
5.69
-9.23
8.59
0.35
-5.33
9.58
-0.77
-8.44
0.12
7.48
7.19
0.34
-3.69
4.36
-9.54
-8.28
6.94
1.28
-3.07
5.31
6.07
6.85
3.36
-1.24
-7.61
9.09
4.83
-5.72
3.85
3.99
1.35
3.07
8.28
-0.06
-6.58
-7.05
-0.47
6.17
-1.96
-6.83
3.65
-1.25
7.03
-6.52
-6.89
7.49
-1.27
-9.94
-1.23
5.66
5.37
-5.15
6.03
2.25
7.13
8.42
1.35
1.96
-3.78
-1.28
-0.52
7.57
-4.69
1.28
-2.49
-1.27
4.24
-9.44
-1.57
-4.20
-2.75
-4.40
4.55
-5.72
-0.91
7.67
-8.23
-8.66
7.73
0.55
7.00
6.62
8.92
3.03
-1.13
9.57
4.97
-6.26
1.54
-8.81
2.47
-5.46
-7.72
7.78
5.82
3.31
0.04
3.58
7.40
-8.01
9.38
-5.35
-2.41
7.46
-1.06
-9.80
5.13
0.71
-8.46
6.38
-5.22
-7.94
6.52
-6.30
8.61
-4.61
-6.72
3.58
2.66
8.34
8.29
-1.35
-3.60
-5.91
-3.57
-7.78
7.41
9.99
9.33
4.81
-4.50
-7.77
9.46
3.10
9.69
-1.60
6.82
4.82
-7.36
-8.11
4.72
-2.58
-6.05
1.24
4.65
-3.91
-9.84
-8.55
9.67
2.82
-6.69
-8.51
-8.53
-0.29
-4.42
1.42
5.45
-3.49
4.94
4.78
-8.68
-9.56
7.02
-5.69
7.06
6.71
6.23
7.41
5.06
8.87
9.30
3.30
-3.70
-3.23
-5.45
-9.05
2.86
-1.77
-4.08
6.06
-8.95
-0.77
-8.93
-3.96
8.94
-3.35
7.46
7.91
6.69
2.40
2.70
8.01
6.37
3.24
-4.16
3.43
-0.05
-7.92
0.84
-1.47
-9.05
3.66
-8.16
0.77
-9.56
-0.09
5.24
6.82
8.14
-8.84
6.40
-7.29
0.39
7.47
-1.25
2.85
-2.35
-3.79
0.77
-5.66
-7.86
-3.01
-4.13
8.51
-9.77
1.72
5.46
3.70
7.32
-3.69
-7.76
8.27
-6.51
-2.40
-0.95
-6.07
7.51
-2.19
-9.24
9.17
-1.02
-9.32
-8.12
-7.11
8.16
0.63
5.75
-4.19
-9.64
0.04
3.67
-7.50
7.03
9.54
-5.47
7.26
4.78
-6.48
0.96
2.10
3.35
6.72
0.38
6.84
-2.16
-7.05
-9.22
-4.65
4.28
-4.94
-1.96
-6.74
-4.26
-0.08
-3.84
-2.58
-5.93
-4.57
6.75
-5.56
8.99
0.42
0.46
6.02
-0.03
5.00
6.80
-1.73
8.52
1.28
-9.62
1.87
-1.99
4.28
2.23
5.85
7.23
3.01
-5.27
5.03
-8.41
6.29
8.30
0.86
-3.78
-2.02
8.28
0.29
6.93
5.04
8.25
5.92
-1.02
-1.28
5.46
8.95
-2.76
2.26
-2.77
-0.72
-6.46
1.13
-5.33
5.07
-4.59
6.90
4.45
-3.84
-0.08
-7.30
-8.81
5.03
8.99
-6.99
-4.11
-4.79
0.99
-2.30
9.03
1.44
-3.74
7.28
-2.64
5.24
-0.48
-7.18
7.72
6.76
8.60
-1.53
-3.96
-7.85
9.60
0.71
-9.26
-4.99
-2.38
5.19
4.69
-8.94
7.89
5.88
6.09
-9.59
8.90
-4.49
-4.38
3.41
6.73
-1.83
-5.14
-7.01
-1.02
2.22
-8.25
8.50
8.57
9.47
5.27
7.17
1.46
-8.69
-7.16
1.06
2.03
-2.89
9.59
-6.83
-7.70
4.28
-5.77
-6.28
3.69
-6.16
-5.87
2.59
2.87
3.27
-4.00
-0.40
-5.03
4.38
6.11
3.95
0.13
7.87
2.45
-1.30
-9.14
-2.28
-0.61
2.33
2.56
5.76
-3.09
-1.89
-7.13
-3.49
1.28
-1.31
-5.69
5.51
2.41
8.00
-7.13
-9.94
4.11
5.75
6.86
-6.36
-1.13
-8.17
8.02
-5.01
5.78
-1.85
-3.62
-1.77
-9.63
0.76
9.48
-0.23
-6.91
2.04
-4.47
3.53
-9.85
-1.60
-6.44
4.95
7.09
-2.13
3.98
3.03
-0.60
6.85
6.61
-2.97
2.60
3.47
0.67
-5.00
5.30
-1.30
-0.01
1.08
-9.63
6.37
-7.16
-9.25
-2.87
-7.68
0.52
3.75
7.88
9.57
0.80
-8.45
1.49
4.36
6.50
2.10
-4.25
0.48
-1.35
8.67
0.85
-4.73
-4.29
-3.02
8.74
6.38
1.98
4.05
-1.40
-4.51
-1.35
-1.02
-4.62
1.49
-0.27
6.03
7.33
-6.23
-0.22
5.21
-3.14
-9.42
-9.72
8.35
8.46
-9.70
3.97
-5.78
4.30
-7.37
-7.11
-4.84
-2.10
2.12
2.14
-3.36
-1.49
-2.36
-5.79
-9.37
3.13
2.87
-0.39
8.51
-2.12
-7.14
4.54
-4.78
0.15
-2.15
-6.05
7.01
1.95
-2.24
8.88
0.42
-1.94
2.86
8.16
-7.63
5.49
-5.43
-2.47
-6.61
6.70
-6.81
3.55
-1.27
4.35
-8.71
-0.64
-2.52
7.68
-7.50
-0.49
-4.44
-1.12
-5.95
4.30
-7.44
5.42
-8.22
-6.91
-2.62
-0.46
-8.02
-8.68
7.60
4.84
-7.00
9.97
3.85
-2.43
1.02
-9.24
-2.21
7.73
7.83
6.52
2.08
9.12
-0.59
9.56
6.80
1.91
2.59
-4.11
-5.69
-9.83
-9.81
-3.13
5.59
-8.03
-0.03
-3.51
5.03
1.95
1.33
2.64
0.31
4.33
6.13
-2.32
-4.57
-2.84
1.96
6.74
-5.11
-0.21
6.79
-9.50
2.44
-3.80
-6.42
-0.76
-8.37
6.18
8.65
-4.06
6.35
8.85
6.34
5.46
-5.66
-3.69
-8.04
9.38
-8.22
6.81
5.54
5.61
4.67
1.67
-3.19
-6.38
-7.65
8.77
-9.64
0.77
-1.44
7.15
1.27
-9.00
-6.65
8.37
3.77
-5.02
4.55
2.42
4.45
4.42
4.79
0.79
-0.11
-7.34
-9.38
5.37
-4.44
-7.60
2.18
-8.90
-8.47
-3.15
6.29
-1.66
0.47
-7.83
-2.89
4.36
2.94
9.19
1.51
-2.27
-6.28
8.39
-3.90
7.49
-6.63
-5.82
3.43
-8.66
8.60
1.75
2.13
-1.51
4.41
2.75
-2.62
9.97
8.67
9.57
-5.41
-9.80
-0.06
-9.12
-1.46
-6.06
-6.95
9.17
8.30
9.51
8.37
3.33
0.76
-7.91
1.72
-9.61
-6.90
8.62
-5.43
-9.95
9.96
-3.31
1.80
5.62
8.71
-0.27
1.89
-3.91
3.22
4.09
-4.34
7.81
4.29
9.13
8.70
-3.64
-6.93
-4.73
-0.95
-5.11
-1.69
-2.58
8.22
9.07
3.03
3.47
9.46
9.65
2.09
-2.45
9.71
5.57
4.25
5.03
4.71
6.48
-5.23
-3.39
-7.43
-8.49
-5.78
1.76
9.33
8.51
0.89
-8.45
-1.61
7.48
-3.18
-9.03
-4.11
8.65
1.91
-2.37
7.73
-5.05
-8.90
-9.29
-1.88
6.71
1.79
1.35
2.29
-0.44
-3.61
-3.00
-3.96
4.68
7.13
-1.39
6.19
-8.65
-9.63
9.04
-6.61
4.78
-9.41
5.30
5.78
0.94
6.27
-8.33
-0.41
-1.81
-0.69
0.84
6.66
3.93
1.56
-5.22
0.65
-3.13
6.14
-7.06
6.43
-3.95
3.46
-4.01
-9.27
4.12
8.12
-9.56
5.47
8.50
9.49
-7.62
6.80
-6.40
7.69
2.59
4.54
7.48
4.26
-5.86
-4.33
-2.91
4.98
-7.67
-8.97
0.06
0.64
1.68
6.93
-3.22
8.14
6.88
2.83
1.60
-7.13
7.08
-4.28
-9.00
-8.96
-5.28
-6.98
-5.95
-2.90
-6.66
-2.34
-1.69
5.93
-7.80
-4.20
3.72
-0.14
1.47
-9.19
-5.15
7.33
-8.16
8.43
-2.03
3.52
5.37
8.27
5.18
5.77
4.62
-3.21
-7.83
5.22
6.03
-3.31
6.26
-5.73
-0.29
-6.16
4.90
3.05
1.50
-6.79
2.51
3.70
2.53
-3.77
-6.43
-2.47
-2.96
1.94
-1.62
2.41
0.37
9.87
-0.55
-0.74
8.14
-5.36
-4.96
6.28
4.95
-2.79
1.50
4.50
7.42
1.28
8.78
-2.87
5.12
7.20
-6.30
0.14
-6.07
9.73
-6.15
6.47
-4.04
0.94
-6.00
6.53
-7.12
2.38
2.46
6.77
2.25
-8.09
-3.96
3.91
-3.45
4.60
0.19
-4.98
-4.67
-4.79
9.53
-7.25
-9.99
-8.17
3.40
8.66
9.03
-9.38
2.32
-7.04
-9.64
9.69
9.43
-0.16
0.63
-3.05
-0.11
7.03
-7.15
-7.65
7.33
8.62
-5.73
-6.63
2.53
4.34
-8.51
-3.76
9.37
-3.18
4.97
8.90
3.09
8.51
-9.27
-3.51
-9.31
9.76
-2.89
3.01
-3.76
0.99
2.71
-4.32
-9.16
-6.66
6.15
4.25
-6.10
9.01
6.61
-8.77
7.63
-9.12
-1.88
3.69
5.22
-0.39
-6.55
8.11
9.95
8.43
7.01
3.04
-9.54
-8.74
-6.95
-8.85
-8.98
3.68
4.16
0.79
-1.80
-3.13
6.47
-0.96
3.74
6.14
-3.19
-8.84
5.15
-6.58
-7.61
6.31
-2.18
4.03
0.00
-3.43
-2.84
3.45
-5.32
-2.89
5.40
-8.30
-6.33
5.86
-3.52
0.24
7.01
1.03
-6.08
4.70
-8.18
2.12
-4.91
8.29
-5.32
8.83
4.43
1.50
-6.49
3.11
8.44
-0.58
-0.58
-3.73
-6.55
-7.06
2.84
0.61
6.39
7.52
-8.76
5.32
-7.26
-5.09
1.18
-0.77
5.15
1.72
-9.74
-7.40
-3.58
-7.92
8.24
1.51
-6.11
-3.55
3.87
-8.16
7.95
7.38
8.47
9.91
-3.19
-2.11
-3.82
3.78
4.35
-7.46
-5.60
4.27
-9.93
-4.36
-0.41
-3.67
4.08
-5.71
5.56
-0.77
6.01
9.34
5.35
-7.57
-5.06
3.60
7.47
-1.17
-9.95
1.34
4.20
-8.48
-1.28
2.67
-8.57
9.05
-5.91
1.14
2.84
8.44
3.68
-9.24
2.71
7.27
-3.60
-4.18
-6.39
-9.52
0.12
-7.31
3.24
-3.87
-4.44
-1.41
2.09
0.50
-4.29
-0.44
-7.14
-4.24
-9.10
7.06
0.80
3.14
3.25
5.76
2.20
7.34
-3.10
-1.44
9.31
-9.42
-0.68
5.54
-8.62
9.24
-8.63
-5.01
9.73
1.49
1.20
6.49
7.62
6.76
-4.92
-0.29
-2.73
0.80
-7.21
3.65
-9.92
-6.31
4.23
0.89
6.84
-2.52
-3.35
2.56
-1.65
7.07
-5.36
-2.34
-8.83
3.96
-6.80
-7.45
3.20
-5.43
-2.46
6.45
9.58
8.75
2.94
-9.27
5.51
-8.45
3.96
-3.70
2.35
6.76
9.95
5.95
-9.55
4.18
0.36
-9.19
-4.81
-9.47
6.89
3.54
7.60
-8.47
-5.28
8.78
9.01
-2.08
-8.67
2.22
6.02
2.40
2.19
9.12
4.67
-4.86
9.85
3.70
-3.31
3.82
-9.99
-7.44
4.10
-6.52
8.51
4.55
-8.81
2.40
8.89
-3.62
2.93
5.78
-6.56
0.54
-9.16
-1.84
-0.68
9.85
9.60
4.17
5.59
9.14
-3.43
-2.21
8.27
-5.24
6.45
-8.36
8.47
-3.34
8.98
8.48
-0.78
3.08
-4.52
1.25
1.16
-3.33
-6.35
0.05
6.57
6.59
-0.65
-6.47
0.65
3.71
1.69
-6.51
3.57
4.82
7.66
2.68
7.48
-2.24
-6.01
9.27
2.52
-9.56
-9.08
0.99
-2.90
-6.58
2.99
9.84
6.51
-8.00
4.62
1.19
2.19
-8.21
-5.24
-1.23
-8.10
4.11
2.30
2.55
-2.17
-2.48
6.04
-5.08
-4.14
7.23
7.60
-6.66
-5.01
-8.40
-7.38
-8.97
-4.44
-2.94
2.03
6.19
0.48
-1.46
9.55
0.51
0.54
7.69
-8.30
-7.26
9.49
-3.54
5.03
-5.09
-5.90
-2.67
7.47
5.45
8.37
7.03
-9.63
-2.25
4.26
-8.51
1.10
-7.23
-3.39
7.24
-6.19
5.70
-5.70
9.36
1.89
4.78
-2.10
1.44
-4.70
8.45
-0.86
0.52
-5.29
2.15
6.99
9.74
7.06
-5.39
0.59
8.05
-9.94
-1.03
5.09
-6.05
6.72
2.87
-1.04
1.34
9.17
5.58
-1.42
-7.02
1.28
2.88
-4.14
-3.31
1.19
3.76
-8.35
-9.99
5.73
4.31
0.53
-9.56
-3.54
1.04
-6.30
-2.95
5.65
4.30
-4.90
5.71
-3.21
-6.29
-6.82
-2.97
6.59
2.15
8.38
5.76
-2.27
-3.04
-7.74
-7.47
-6.63
-1.88
2.74
4.56
-4.60
4.39
8.09
-5.34
-1.29
-1.38
-1.38
8.69
-6.81
2.33
-4.26
8.84
-3.37
0.85
8.08
6.94
4.56
-8.74
-6.03
4.67
3.41
-7.65
3.95
-5.34
2.84
6.21
0.71
6.21
-2.15
-6.55
4.29
6.78
-8.63
2.38
-8.56
0.08
-5.48
3.58
-1.23
-2.29
-4.09
4.52
-3.44
6.06
-1.11
-1.84
3.00
-6.55
-0.58
6.98
8.13
-3.64
-7.15
5.60
4.54
5.69
1.82
-1.22
5.42
-6.81
2.23
-0.29
9.97
3.60
-7.91
-5.07
-2.80
-3.38
-7.96
5.98
7.85
1.47
4.02
-5.59
-2.46
-7.09
2.57
-5.94
-0.12
-4.48
-5.44
1.53
5.40
0.94
-2.86
-0.06
-3.37
8.96
8.72
-7.94
-4.33
4.48
5.29
-0.83
1.60
7.39
4.10
-7.67
-2.47
6.14
8.31
-4.62
-2.38
5.85
3.32
8.68
8.76
-0.59
-3.74
-1.36
8.45
4.35
-9.82
3.85
-4.71
-2.68
-2.68
5.44
-0.20
-0.44
-8.98
8.99
-5.96
6.32
-1.84
9.17
7.23
-7.73
-8.50
-1.72
-8.07
-6.67
7.18
3.07
-7.30
4.02
5.27
-8.54
-6.56
-4.94
3.62
-8.11
9.41
7.32
9.27
-1.78
-1.84
-3.41
-2.82
-8.52
6.15
-1.79
-9.52
-6.28
-1.95
-1.36
-3.59
-1.20
4.43
1.43
-9.40
9.89
8.28
7.78
2.96
-9.02
1.81
1.76
-4.04
8.77
6.82
9.58
-5.82
6.23
-9.57
-6.55
-2.03
2.11
3.56
8.67
3.60
3.24
0.40
7.60
-9.52
8.45
-3.76
-3.11
0.77
-5.80
8.32
1.37
-5.91
-9.88
-0.84
-9.43
-8.90
-5.51
2.33
-2.94
-3.22
-0.85
-3.36
0.96
-1.10
0.59
7.94
-9.61
-7.29
5.02
9.07
9.83
-1.74
-0.53
7.43
-1.26
1.45
-6.33
9.15
-7.78
1.39
-9.01
3.60
9.00
-8.89
-3.72
9.58
-7.79
4.29
5.43
-0.73
-8.93
-5.41
9.44
5.55
7.01
3.55
7.01
7.41
6.26
5.56
-10.00
6.09
-6.18
-0.53
3.52
6.09
-9.08
-9.28
8.76
-3.33
5.63
9.76
-6.21
4.64
-5.61
0.07
4.22
0.13
-2.12
-0.35
-7.08
2.47
7.76
-7.64
1.54
8.30
9.44
-1.44
9.23
5.70
-5.88
9.23
5.32
1.46
-1.30
2.36
1.07
3.15
6.60
-0.16
9.82
2.24
3.12
-2.87
-3.12
-8.97
7.20
-5.38
1.16
-1.40
7.79
4.09
-5.41
9.08
9.97
6.13
7.38
9.41
-1.79
6.61
8.64
5.85
5.84
3.96
0.84
-1.94
-0.16
-8.09
-5.27
-3.55
5.27
-1.93
-7.79
-1.61
5.20
-0.91
2.95
5.92
7.23
-5.89
-1.96
5.02
8.20
2.63
4.10
-8.30
-1.23
5.00
-8.89
6.98
1.61
9.75
6.36
0.97
7.23
-2.80
-7.44
0.60
-0.89
-2.71
7.05
-2.09
8.89
9.26
9.82
4.09
1.87
2.77
3.54
2.62
6.89
-8.42
-2.36
8.61
4.22
-4.73
-9.69
-3.49
-9.73
-8.57
-6.51
5.41
-5.30
-6.63
-3.62
-4.54
0.57
-1.06
6.06
-6.79
9.76
6.63
1.12
8.65
9.41
0.94
6.26
4.80
-6.28
3.32
-2.58
-5.87
4.91
8.58
-7.26
2.65
-2.63
-6.94
9.16
-2.35
-1.99
-3.83
-3.42
2.71
-0.45
6.48
-8.31
-9.88
-4.57
7.75
-6.67
-1.29
7.90
7.97
0.88
-9.17
-1.08
-2.86
5.63
6.16
-6.01
-3.43
-9.71
8.90
-4.84
-6.97
1.55
2.53
-3.91
0.71
-6.30
4.10
6.88
3.80
0.34
-0.05
0.29
2.03
0.08
5.72
3.31
6.93
-2.05
4.73
8.43
8.83
5.57
-2.65
-0.51
4.72
-2.97
3.48
-8.70
-2.68
5.90
-0.02
3.87
-2.55
-3.97
9.97
-8.32
3.26
7.59
-7.91
-2.94
1.45
2.04
7.35
-6.51
-4.36
6.59
-9.68
-3.90
-5.46
5.05
-5.47
-3.11
4.14
5.40
9.91
-1.13
-7.57
6.91
3.69
3.27
2.82
-2.81
-2.86
-6.21
3.22
-2.89
-4.52
-3.52
-1.77
1.09
7.07
9.68
-6.87
4.42
-3.31
2.30
4.54
-2.99
8.40
-7.40
-4.41
-3.55
-0.50
-6.75
-8.15
2.93
2.12
-2.20
-0.16
-0.67
-8.93
-7.34
6.52
-1.79
-0.02
3.27
8.85
8.98
-6.73
0.60
0.07
-9.66
0.28
6.72
8.29
-9.50
-0.98
2.83
1.03
0.94
5.43
6.62
7.39
-1.55
9.88
9.24
-8.62
5.52
-2.96
1.23
-1.62
1.63
7.41
-1.58
9.85
-2.61
-4.79
-7.78
-3.63
-1.51
2.82
6.44
2.35
-3.38
6.69
4.16
-2.88
-4.29
-3.01
8.16
6.66
-4.05
8.30
7.57
7.92
-8.30
6.82
9.31
-9.25
-2.62
4.06
2.65
-7.46
4.99
-8.93
-7.61
-7.61
-0.19
-5.39
2.28
-8.18
-9.05
2.25
4.17
-2.43
-1.06
-1.66
8.22
8.17
8.85
9.90
8.35
-1.68
-8.28
5.93
-0.23
-6.57
6.27
-0.92
-2.30
-2.83
-3.34
-9.65
-0.29
-8.35
-5.06
5.62
-2.44
4.75
-6.25
-6.63
6.57
-5.30
5.62
4.27
5.80
-1.92
-3.87
4.02
-3.75
-1.50
3.92
-1.87
-9.65
5.64
-2.42
0.12
-7.41
-6.15
-7.28
0.29
4.54
2.90
4.16
-5.74
8.07
-7.37
9.88
-4.36
-9.10
-2.84
2.53
-9.00
1.86
1.67
5.27
-2.34
9.75
-5.08
-4.80
-0.48
6.94
-7.36
-8.83
7.29
8.29
-1.25
0.93
-5.60
6.12
3.65
8.22
0.67
0.07
2.38
4.93
-1.85
8.53
8.33
7.31
9.44
-4.51
-0.16
-9.56
-9.12
-8.49
9.23
2.06
-8.74
-2.33
7.27
4.30
-5.39
9.91
5.48
-4.57
-8.28
-5.77
6.36
-3.87
-9.64
3.54
-5.65
4.55
-6.39
-9.75
3.00
1.76
8.79
1.33
-0.93
-8.25
-9.65
-7.57
-7.81
-5.25
-6.06
-5.06
6.81
-1.28
2.61
7.60
-3.45
7.22
7.52
-7.97
-3.83
-7.24
-0.22
-7.46
2.41
3.66
9.60
6.76
-1.79
-6.79
-9.46
-8.79
8.50
-7.15
6.07
-2.43
-5.40
6.42
0.01
0.31
-5.31
7.47
5.25
-8.50
-3.80
1.38
9.11
6.27
2.12
-9.85
8.30
8.30
-7.09
1.60
-5.64
5.33
-4.73
-6.04
5.61
3.48
-2.83
9.67
4.70
-4.33
-3.96
0.77
6.77
0.64
0.71
0.30
-5.53
5.40
-2.23
9.72
-9.58
7.49
4.62
9.53
3.76
-3.25
-6.80
5.58
-4.95
-0.36
-2.81
-0.59
-1.51
2.46
6.89
-2.38
-4.06
-5.94
0.82
-5.84
3.26
6.86
4.93
0.03
-2.49
-0.84
-9.67
1.98
-5.44
1.62
5.23
-5.01
-0.88
3.37
-1.96
-3.60
-9.88
4.77
-8.01
-1.31
-2.07
-0.82
-8.38
6.42
-8.36
8.51
-2.44
1.10
-3.90
8.38
5.27
9.36
5.25
3.72
-0.61
-3.72
-7.11
3.24
8.26
0.97
-5.14
7.01
9.48
7.50
3.91
1.05
-6.09
4.03
-4.18
-4.10
-3.75
3.75
8.60
-2.13
3.69
-9.76
-3.61
-8.75
4.86
2.49
-6.84
0.13
5.37
8.41
-2.62
-1.72
-5.31
0.27
-8.48
-3.53
-5.24
-0.10
-2.99
-5.75
-2.59
-9.08
5.30
4.84
4.95
-5.36
-5.74
-8.80
-8.09
-7.14
2.60
5.60
-3.38
-7.49
-9.63
-8.52
8.52
-6.47
5.14
3.89
-8.06
-7.48
-7.83
0.15
6.31
-2.79
6.63
-8.93
-9.37
-2.84
-1.16
-1.96
-1.92
-5.86
-3.60
-3.45
-1.22
0.66
1.28
0.69
3.52
-6.12
-0.19
-9.86
-0.09
0.19
-4.85
-1.57
7.24
-9.71
-7.68
-7.29
-3.67
-1.99
2.86
-7.36
8.74
3.01
-2.77
9.37
-9.83
6.08
0.94
1.77
-6.26
7.34
8.33
2.53
1.53
-0.39
-3.26
-4.95
7.01
-9.92
-1.28
-3.08
3.79
3.87
5.35
1.03
4.16
-8.81
3.74
-5.99
2.72
0.13
0.17
1.46
-3.34
7.40
4.35
0.36
7.00
-4.71
-7.87
-9.25
-3.84
-9.54
6.80
7.69
3.59
-2.94
-7.26
0.60
-2.86
4.98
7.52
-9.07
-1.15
6.39
5.49
-3.47
7.58
2.75
0.54
3.82
-3.60
-9.29
-4.72
3.07
-8.36
9.64
-6.57
8.64
-1.55
-0.92
-7.09
4.61
3.07
-6.77
5.82
-3.34
0.30
-7.91
-9.21
-9.04
7.07
-8.17
-4.58
-4.07
8.23
-9.09
5.98
9.33
3.66
-3.47
6.68
-9.93
-2.76
-8.04
6.66
2.40
-4.88
-6.39
1.05
7.10
2.69
7.48
5.23
-0.72
-9.28
1.06
5.95
4.54
6.67
-9.74
9.02
3.74
-7.91
-5.56
-6.81
-6.16
-4.65
9.18
-3.30
-7.46
-0.77
-6.62
-3.87
6.47
-1.14
-7.21
2.40
7.51
-0.08
-3.03
4.61
-7.39
-5.55
3.36
1.90
-1.31
-5.58
1.37
-6.77
-5.39
5.15
-7.74
8.36
7.24
0.22
-4.93
-5.39
9.10
-5.75
4.83
-8.36
3.48
8.21
1.29
3.48
0.59
4.08
-4.12
-1.90
-6.00
2.85
-3.77
0.13
-9.18
9.60
-4.45
-0.48
-2.46
-9.56
6.27
2.16
5.59
-7.95
4.04
6.36
2.28
9.11
-5.51
1.38
-3.11
9.32
6.54
-6.11
7.53
-2.17
7.37
-1.88
-4.57
-3.23
9.75
2.95
-6.86
-4.02
-6.92
-2.51
-0.90
2.16
7.01
6.65
6.12
3.28
2.33
1.72
5.34
-3.63
1.60
1.14
-1.00
6.09
-7.48
5.89
5.41
9.06
9.79
6.46
-3.11
-9.32
-1.90
2.32
0.98
-2.15
-4.73
4.12
7.36
1.87
-8.39
-3.54
-2.45
-7.86
-3.37
-6.32
8.95
-7.52
8.92
7.81
-1.15
0.52
-1.05
-8.62
0.13
1.47
7.27
-4.46
4.05
7.06
-8.00
-9.06
-8.73
3.62
6.78
2.25
-8.52
-4.43
-0.11
8.84
-9.04
5.03
-1.18
-1.48
7.17
8.98
5.72
6.12
-8.54
4.64
7.45
3.84
-1.32
-3.60
5.22
8.81
7.87
6.01
-2.13
5.44
6.60
3.39
6.38
7.87
-2.99
6.68
0.12
2.01
-4.23
-6.47
0.85
-3.26
8.56
-6.80
8.78
9.26
-4.30
4.50
8.90
-2.84
2.66
6.36
-5.48
-5.14
-7.24
9.74
-6.33
-5.84
5.76
5.06
9.60
2.36
-1.55
9.51
3.75
8.98
6.19
-2.61
1.00
-8.03
0.92
-4.63
2.23
3.01
-1.43
1.01
2.27
4.27
-0.97
1.17
-5.04
-8.31
-2.47
-0.52
-3.45
3.82
2.75
3.74
7.98
-1.49
-1.20
-8.90
-5.61
-9.23
-9.39
8.14
9.75
-9.67
-4.47
0.75
-4.18
9.97
6.13
-8.43
2.98
-1.78
2.58
-4.75
-3.98
-4.87
9.95
0.98
0.34
1.00
-6.02
-9.59
-5.18
6.73
7.67
-3.68
-4.76
-3.53
-2.57
3.15
0.76
1.56
1.29
4.03
5.41
-9.66
-1.69
-8.77
-9.68
-5.56
-7.20
3.30
6.18
8.90
-7.92
-7.80
-5.97
-7.97
6.70
7.89
3.03
-9.31
8.30
-8.62
7.42
5.97
-2.30
-3.81
-4.04
8.65
9.34
-9.76
0.22
4.16
4.28
-4.37
4.50
-7.41
0.39
8.34
0.55
6.71
5.17
0.25
5.62
7.25
2.46
-6.83
-7.20
2.68
-5.41
5.83
6.89
-7.11
-9.27
4.32
-7.61
-1.56
-5.97
-1.65
-2.91
-6.63
-1.40
-9.17
-8.95
-3.60
-0.01
5.56
-1.01
-6.10
7.42
-6.94
-9.39
2.59
3.31
9.75
3.36
-0.71
-3.55
9.68
-8.02
1.04
5.52
8.87
3.93
9.77
6.71
6.32
-1.79
-9.26
-1.80
8.83
-2.36
-9.68
-6.82
-1.31
-3.28
3.17
-2.23
9.23
7.07
-4.80
-7.71
-8.79
-8.69
5.60
-9.04
8.20
-5.10
-2.59
7.88
0.40
8.45
6.92
2.79
5.91
6.70
3.03
5.75
-1.57
7.29
-6.05
-2.74
-5.07
-2.21
0.45
3.63
4.51
-2.86
-5.08
3.74
-2.26
3.64
6.03
-1.05
4.96
5.16
-0.09
6.68
-6.42
-9.15
4.56
7.50
-7.18
5.01
3.81
8.73
1.71
-3.16
8.01
-9.86
-5.86
-4.52
0.93
2.59
3.28
-8.62
-0.26
-2.21
2.04
4.67
-4.94
9.78
-1.69
-5.39
-1.27
-3.21
9.77
-7.83
-6.53
-3.13
-6.98
-8.44
-5.63
-4.16
6.57
-8.29
-1.90
1.80
-1.45
-3.89
1.94
6.21
1.59
-3.61
-1.19
-5.13
1.29
-7.93
6.19
-6.66
6.74
-5.23
-6.88
-1.42
-0.62
5.38
5.37
2.68
7.55
-7.63
9.55
-5.91
-2.55
-2.55
-0.07
-5.98
2.68
-8.45
5.82
-8.77
-2.34
1.28
-9.03
-7.22
7.68
3.30
1.17
-1.03
5.37
-2.64
5.83
5.64
2.13
8.96
-5.78
-4.96
7.86
-6.89
7.72
5.41
-1.00
-9.21
9.50
6.45
1.76
2.95
-6.01
-5.56
8.03
9.81
-0.80
-0.79
4.62
0.17
1.99
5.82
-3.01
-6.83
-1.69
-7.64
4.05
-5.85
-8.48
-3.81
-3.37
-0.74
4.75
-5.51
2.38
2.47
-6.58
-5.10
3.26
-3.56
-8.64
-1.45
-7.09
-4.65
2.99
-9.06
-1.31
-4.29
0.16
-3.17
9.40
-7.85
-7.35
-3.61
-1.16
0.96
2.28
-7.10
8.63
3.80
2.61
-4.74
-6.93
-2.64
3.27
8.97
-6.65
6.69
-2.61
-9.87
-6.87
-1.25
-1.32
-3.95
7.63
-4.80
0.51
-0.16
0.91
-9.33
6.67
0.32
-3.65
-7.16
6.71
5.19
7.32
-1.01
-8.39
5.96
-3.68
4.22
-5.26
-0.61
-4.90
8.02
1.88
-1.55
8.23
9.27
-1.41
-5.11
1.55
7.27
0.94
2.70
-7.53
-8.55
-7.46
6.91
-4.35
-7.27
-2.77
2.00
-0.91
-2.54
0.71
-3.59
6.46
2.33
-4.11
-3.70
-3.45
0.64
5.69
5.18
2.18
1.09
-6.37
0.41
0.36
2.22
8.82
-4.57
3.02
-0.24
8.13
9.01
4.74
-5.81
5.92
-6.09
-3.08
-3.33
5.91
6.01
4.14
-3.38
-4.05
4.12
-7.53
1.84
-9.58
2.55
-4.00
9.63
-2.27
8.18
0.72
1.36
2.12
-5.40
-2.89
0.94
0.04
-6.35
-5.77
-1.83
-3.82
-7.51
2.37
-7.89
-3.60
-7.19
2.30
-4.17
8.83
-3.56
5.97
-5.22
-9.44
8.45
-9.86
-9.02
1.00
-3.85
-9.39
-7.75
-2.15
4.85
7.13
-6.51
9.46
-5.76
7.96
-0.50
1.41
-7.81
7.67
7.60
-1.80
3.56
-6.77
4.60
6.38
5.53
-9.57
8.73
-8.02
6.40
-2.97
-3.94
8.37
-2.83
0.57
-0.63
6.84
4.70
1.62
-5.30
-0.44
-1.24
1.71
-0.98
6.52
-0.33
-7.96
-2.06
5.38
9.71
-0.94
-6.42
6.80
2.29
-8.30
3.18
1.34
-4.35
5.43
3.32
-7.94
-7.54
-7.09
-6.05
3.15
3.48
3.33
0.00
-1.82
-1.53
8.22
7.74
-9.25
-0.07
0.28
7.28
9.61
2.32
-1.26
4.99
5.56
-8.68
-7.90
2.36
3.61
-6.20
-0.94
-5.05
2.98
-5.51
-8.20
8.56
0.47
-1.77
-7.49
-6.38
-8.29
5.84
3.62
3.41
-2.16
1.84
4.68
-1.41
-8.22
-5.04
-0.61
-5.09
7.29
-8.35
-6.58
6.37
-7.03
-0.96
-1.27
-9.90
6.37
-8.69
-1.42
-0.65
-0.68
3.90
-2.09
9.79
-7.87
0.42
-6.59
-6.16
-0.21
7.04
-9.23
7.63
2.40
5.45
-0.26
7.70
-9.58
-7.34
-7.39
-8.77
-5.69
-0.44
7.60
-2.71
8.60
-0.15
0.91
4.97
1.16
9.49
-5.68
-9.52
3.39
2.23
-9.73
5.52
-3.82
-2.80
-7.12
5.97
-5.76
-6.34
7.12
-9.83
9.11
-3.14
7.87
-6.95
-0.48
-5.99
-5.72
7.36
3.57
-4.60
-5.35
2.17
5.25
5.56
0.67
-0.07
8.58
4.99
3.93
1.97
0.75
4.20
1.02
6.93
-5.07
3.90
2.90
2.69
-8.92
0.02
2.86
-9.80
-9.60
0.74
-6.75
3.45
8.27
1.06
0.81
1.84
6.46
8.98
-2.47
1.72
8.06
8.20
-4.83
6.64
3.20
9.11
2.14
-6.05
6.83
-6.84
-9.12
-8.24
-9.42
7.30
4.46
-8.33
0.84
-2.68
-4.61
1.24
-8.42
2.16
-1.79
9.85
-6.78
-7.46
5.21
-6.79
-4.96
-7.25
4.93
-6.89
-9.05
-9.90
-6.73
7.67
-7.27
5.41
-4.86
9.57
-7.91
-0.46
-8.67
-7.32
0.36
5.79
-2.13
-8.80
-3.36
3.26
5.97
-1.78
-1.06
-2.30
-1.92
5.69
0.25
-3.19
8.90
5.29
-0.44
3.83
-8.08
4.04
7.45
-4.80
5.23
-9.81
-9.39
-6.10
-6.72
-3.77
6.96
-5.39
-1.09
-2.67
-6.07
-9.70
-1.47
0.57
3.56
-1.98
8.79
-3.98
5.73
0.39
-8.29
-0.50
7.21
-9.39
-5.21
0.29
7.96
-3.28
-5.67
5.42
5.44
-6.91
9.13
6.05
-3.01
-7.59
-4.20
-6.05
0.54
4.71
4.80
4.47
5.01
-6.66
-4.96
2.09
4.88
-2.64
8.12
0.61
7.75
9.83
-9.89
8.48
-6.03
-1.57
-1.22
-8.07
8.67
6.63
-9.13
4.11
9.72
-6.48
3.68
0.23
-0.55
9.49
7.71
-10.00
7.72
2.51
4.47
2.74
9.37
9.52
-1.65
7.78
-3.12
-0.01
-1.61
-1.85
3.35
2.03
-3.36
7.32
-6.02
8.94
9.25
-7.35
9.09
-6.35
6.76
-7.66
-2.83
3.96
2.57
6.63
3.45
3.80
6.63
1.18
-0.16
4.62
-2.56
-0.79
7.66
9.31
-3.01
-1.94
-0.69
8.91
6.22
-7.34
4.46
-3.62
-6.50
8.44
-1.16
-3.73
-5.39
-2.07
-0.08
-5.11
0.27
-9.38
8.85
-3.63
7.25
2.31
-9.83
7.40
-2.99
0.01
2.02
4.45
-7.25
-0.31
3.76
3.26
7.75
-3.41
5.69
7.49
2.77
0.15
-2.61
6.27
2.11
6.23
-3.93
6.72
-5.83
9.51
-8.39
7.96
-9.87
-9.53
-5.67
-9.10
6.30
-1.97
8.30
-6.69
8.04
3.85
7.76
-5.69
-2.94
5.04
7.58
-1.67
-8.36
3.27
-4.17
7.93
-3.05
6.74
4.21
9.06
2.98
-6.20
9.31
-9.33
-6.69
-9.08
8.63
-3.03
-5.09
-7.03
-2.13
-8.79
1.00
-0.30
-5.48
2.56
-2.93
-4.20
-9.60
4.13
-5.63
-8.50
-7.54
-3.99
8.29
1.81
-6.06
-4.76
-1.44
-8.33
-2.17
-4.94
-1.01
-2.86
-4.27
2.31
-1.94
-5.64
9.28
2.98
0.85
0.67
7.71
-4.63
-6.11
-7.76
7.94
0.96
1.56
8.34
-4.91
5.93
-6.64
1.08
-4.54
-8.35
-3.59
2.93
-3.10
8.49
8.12
4.73
-6.45
-2.88
-8.13
2.80
9.43
3.45
-9.31
-7.77
-0.05
1.54
6.42
-2.33
6.92
-9.68
3.43
8.38
1.28
-5.01
-9.76
9.90
-5.55
-6.40
4.50
-0.09
-4.75
-9.09
-3.64
5.67
-7.07
-5.51
0.40
0.00
1.61
5.79
-7.19
4.56
2.77
-6.50
-9.69
-7.28
8.56
6.73
0.39
5.48
-9.43
-6.18
3.86
1.86
2.34
4.10
5.28
6.79
-8.78
-0.22
0.22
-3.52
0.69
6.59
-7.85
7.14
-5.40
6.08
-2.85
6.21
1.87
-0.04
0.77
-1.84
6.98
4.60
0.89
5.54
1.33
-5.20
4.55
5.43
2.15
-1.59
-2.71
-5.51
-3.96
-7.43
-5.20
-2.74
5.87
8.54
7.26
-3.44
8.65
9.42
-6.29
-6.75
5.50
4.38
9.46
0.89
-5.66
3.75
9.06
-5.16
1.87
3.47
-9.62
-3.27
8.27
8.45
-7.84
0.42
0.39
2.97
8.43
9.95
5.54
-3.25
-2.79
4.93
-4.70
-2.00
-4.99
-6.05
-2.58
-1.28
0.73
-3.56
-3.38
3.71
-9.15
0.96
0.99
-6.57
9.32
-7.14
6.90
-6.77
-0.41
8.70
-8.32
1.75
-0.88
2.07
-5.28
1.08
2.02
-6.22
7.83
-7.24
8.71
-6.87
0.76
-6.27
0.61
-8.30
5.97
-8.66
1.66
-7.40
8.57
6.03
7.08
-0.44
-7.01
9.93
2.43
-6.59
-6.84
-4.46
-7.89
-1.64
7.30
4.76
-9.56
-4.46
-4.16
5.98
2.85
-6.33
-7.74
1.56
0.33
6.54
8.81
-5.54
-8.24
8.31
-0.68
6.94
-5.57
-2.11
2.98
-8.49
7.46
5.97
-5.04
3.41
9.38
-1.88
8.95
-4.98
6.49
9.77
9.78
-9.55
-4.68
-0.86
9.95
8.17
2.81
-4.26
3.25
-3.34
-7.72
2.07
1.12
-2.43
3.90
-9.56
-5.49
8.33
-1.66
7.49
-6.64
-0.68
6.98
-1.67
-7.27
6.37
9.97
-8.32
-5.09
6.46
-8.54
-5.31
-9.57
0.30
3.83
-6.09
-1.53
0.16
-0.35
-8.28
-9.65
1.93
7.31
1.47
9.50
1.21
1.92
-2.46
3.06
-6.22
-4.97
6.43
3.10
-7.98
-5.24
5.83
-8.09
-5.27
7.51
0.34
-5.28
-7.51
5.03
-1.33
2.79
2.38
2.58
-5.22
-3.94
-7.77
0.03
-3.59
7.69
-2.66
-8.59
-9.29
-7.92
3.33
-1.75
5.14
7.11
3.29
5.09
0.21
8.83
9.85
-0.44
-5.74
-1.89
0.59
4.60
2.83
3.09
3.15
-8.50
-0.60
-0.95
7.61
4.19
5.11
9.84
-5.78
-4.95
7.53
5.08
-3.54
8.25
7.16
-6.69
-3.50
5.83
-6.06
-6.69
0.92
4.15
-4.34
4.30
-2.77
-0.08
-7.59
7.82
-5.48
8.76
0.91
-8.81
-6.22
-9.68
0.24
-8.61
4.51
-1.12
-5.24
-7.75
3.93
-7.71
7.33
-6.09
-5.94
4.50
-2.78
4.09
3.85
1.16
7.40
-1.71
-1.17
-3.41
-7.41
6.06
6.51
-1.48
7.40
-5.44
0.80
-1.68
-4.25
8.11
2.16
9.52
9.50
0.19
-1.60
-5.74
2.44
-4.15
0.08
-0.23
-0.24
7.66
-2.21
-9.50
1.75
-4.84
5.18
2.68
3.46
-5.99
9.27
9.57
-6.41
5.78
-1.90
-9.01
-6.14
-7.58
2.83
-0.38
-9.47
-1.49
2.66
-6.44
-7.78
-8.94
-2.18
4.66
-3.09
-8.58
-2.04
-9.81
9.09
9.27
-9.31
0.84
-5.56
5.87
-6.48
-8.58
-6.60
-3.69
-9.01
0.51
-7.90
2.61
5.02
-4.04
5.04
-2.14
9.10
5.57
9.89
1.76
9.13
-7.88
6.34
0.48
-9.70
-3.23
1.90
1.78
-3.04
4.51
4.58
-2.35
-1.12
9.02
-2.96
2.40
-9.56
3.96
8.72
-5.05
-5.53
-5.66
7.57
9.50
3.82
2.61
0.88
6.45
1.70
4.29
1.73
4.36
6.41
1.60
-5.16
-9.76
8.37
-9.74
5.54
-4.66
4.78
0.12
6.51
-6.34
2.66
-6.44
9.58
6.62
-8.96
-8.18
-8.42
-4.48
-0.32
-7.33
-1.46
-2.97
5.28
9.42
-6.52
0.50
3.71
8.73
-5.14
3.65
0.33
-0.30
7.41
-1.29
3.49
2.95
7.57
-1.73
-3.40
4.08
5.45
9.26
-8.84
8.55
5.89
-7.79
-6.10
-9.01
1.25
3.58
-6.34
9.79
-9.39
-7.54
9.21
-2.39
2.96
6.44
-0.13
7.83
0.09
-9.80
1.05
1.02
2.43
-5.46
-2.50
0.00
6.33
4.10
-5.91
1.78
3.36
-4.75
3.86
2.77
0.98
7.76
3.76
-7.77
1.34
-9.06
-7.98
5.48
-6.60
-5.25
-6.91
6.37
-8.80
2.96
4.20
4.81
6.69
-1.23
-4.16
-0.88
3.32
3.34
9.13
-0.35
0.96
-3.26
-5.04
-5.68
5.51
8.82
-9.38
-3.50
6.58
7.90
2.25
1.44
8.85
4.28
-3.08
-7.75
-7.45
3.54
8.62
-6.25
0.02
6.34
-7.91
0.23
-4.88
1.45
9.36
-8.04
-1.69
-7.99
5.13
9.27
2.27
-9.91
-2.89
-2.22
-7.57
-2.27
7.80
9.01
-4.36
0.06
3.98
-5.51
-2.14
-9.10
0.26
0.41
7.96
-1.11
7.69
1.51
-1.25
9.78
-8.26
7.39
1.23
-5.38
9.35
9.54
0.15
8.01
-7.67
-7.58
8.10
-0.56
0.21
-9.46
7.18
-1.99
-6.93
-3.66
8.07
7.05
4.35
-0.55
-8.52
-5.39
9.87
-7.04
7.02
7.56
4.47
-4.22
-9.14
6.22
-3.31
2.09
-5.64
-0.43
5.15
4.52
-2.42
7.48
6.94
-4.32
0.44
-2.85
-0.26
1.14
8.69
2.82
7.48
-9.72
3.39
1.83
-0.26
4.87
9.97
3.13
7.84
6.99
4.21
5.83
-3.71
5.07
5.57
2.99
-2.84
9.94
-3.92
-4.17
4.46
3.66
-3.17
4.92
-7.14
7.27
-4.40
2.61
-1.58
-5.71
-1.05
-4.10
-1.91
-7.66
-8.74
7.83
-9.26
-8.77
4.48
-7.90
-8.26
-1.31
7.93
-1.96
-6.24
3.51
-8.97
4.44
6.97
0.63
-9.73
4.95
-5.71
0.62
-0.13
-2.85
-2.10
5.47
-6.72
6.32
-6.72
5.75
-4.26
1.38
-8.38
0.52
2.73
-7.64
5.27
-2.78
-5.54
7.02
5.91
-4.09
-4.94
-6.80
9.42
-0.39
7.64
9.91
-9.76
-8.56
4.86
-1.95
2.06
-5.26
8.72
9.96
-6.27
-7.99
9.80
0.54
-8.72
-0.93
-4.56
-7.10
9.59
-8.31
-4.74
4.87
-1.09
3.24
5.41
-1.65
-7.32
-9.53
5.07
-7.90
3.60
2.71
-4.46
7.36
7.67
-9.60
-4.59
-0.26
-1.34
-5.87
3.22
5.92
-0.34
3.03
-3.54
0.95
-7.90
5.42
3.85
-4.79
7.11
-7.36
-6.40
-0.45
9.40
9.01
-8.58
-7.92
9.48
6.49
-2.29
6.60
2.72
3.25
3.96
0.40
7.17
9.37
-6.34
-4.16
-2.97
6.88
-8.24
6.69
3.43
1.74
1.16
9.05
-2.84
-1.46
-5.73
-5.73
4.70
-2.13
3.82
7.62
0.41
5.24
9.71
-0.11
5.25
0.94
0.02
-2.02
-2.29
-6.02
-8.10
-5.12
-3.12
-4.44
4.24
7.43
-4.04
6.00
7.64
9.40
1.26
-1.19
8.45
8.42
-9.13
-3.76
-7.30
5.57
7.64
-9.96
3.19
-1.95
8.81
6.42
-8.54
4.06
0.88
1.48
-7.96
8.59
8.99
-2.54
-3.00
-0.61
3.02
-5.24
-3.18
8.99
-9.23
-2.02
-8.09
5.55
-9.69
-9.64
3.98
-8.82
0.13
-9.80
6.75
-2.23
-9.76
-0.05
5.82
9.05
-0.11
-9.20
6.64
-9.22
2.29
-7.80
9.37
4.80
-0.33
-0.11
-5.81
-7.31
4.66
4.53
-4.80
8.95
-3.97
-2.89
4.50
-3.65
1.00
2.00
-2.47
-8.87
2.20
-5.71
-1.10
5.97
7.76
-1.76
5.02
1.17
-0.96
5.18
1.95
-5.15
7.39
4.85
-6.83
-2.94
-5.26
0.88
-0.25
-7.08
-1.07
8.48
-8.13
4.97
-4.41
9.90
-8.68
6.59
1.90
2.37
7.72
-2.37
6.66
0.14
-6.40
7.94
-8.10
-7.86
-0.88
4.47
7.33
-5.41
9.32
4.72
9.44
-3.98
-8.22
-2.29
6.90
5.05
0.63
-4.16
7.05
6.03
-9.19
-7.35
5.93
-4.35
-7.24
1.35
8.02
-9.51
8.98
8.21
4.15
-3.90
9.67
6.06
1.77
-1.21
4.05
-0.90
3.39
6.89
-2.66
6.35
-7.09
2.64
-5.94
9.82
1.21
4.70
-4.34
-1.73
0.73
-0.01
0.92
0.18
5.64
3.68
-4.95
3.66
7.69
-2.44
5.39
5.37
3.66
5.07
4.95
-4.57
-6.14
-1.00
8.05
-9.23
-4.11
-4.61
7.13
-1.19
8.03
-5.29
-1.37
-0.75
9.41
7.81
7.52
3.66
-2.20
1.96
-6.16
-6.56
-0.84
-1.10
-9.38
-3.14
6.46
9.54
-7.77
3.64
4.61
7.18
9.08
-8.01
-0.30
7.13
-7.23
5.59
-3.95
-6.58
-5.60
-5.92
-1.87
6.55
6.85
1.07
4.36
7.89
-5.27
-4.32
-0.15
2.10
-0.88
9.02
-9.00
3.27
-0.60
-9.02
2.81
5.15
4.62
-2.58
5.85
7.22
2.93
-4.45
7.88
9.22
-8.86
-6.07
-3.84
-0.93
1.53
4.30
-4.38
-1.61
-1.11
-6.49
-0.20
3.62
-0.81
-6.82
-4.28
-8.16
-4.28
0.24
8.63
5.12
4.74
1.44
0.27
2.89
-7.62
-0.36
0.11
8.83
5.19
-2.01
8.06
9.85
5.44
-5.78
-1.08
-3.02
-7.96
8.07
8.89
0.93
-8.42
2.21
-1.92
4.29
5.39
7.32
6.13
-8.89
1.09
4.76
9.75
-4.17
-0.28
3.54
8.72
5.62
-6.82
2.36
4.46
8.37
-6.13
2.52
8.23
9.32
-9.74
0.67
-0.18
-7.69
-1.26
2.23
3.24
3.84
-5.56
-5.16
-1.86
9.84
-7.83
-5.73
-5.53
3.26
-7.44
-5.77
9.09
2.28
7.77
-8.66
1.43
-9.04
3.70
-0.59
-7.15
-8.91
-4.55
-8.92
-6.07
-4.29
5.28
3.75
-1.98
-5.98
-0.50
-5.21
7.87
3.95
-0.37
-3.99
7.31
5.32
3.80
-8.22
-1.42
9.88
-3.99
-2.32
2.17
-2.69
2.54
-2.88
-1.73
-0.24
6.53
1.12
0.85
-8.02
5.73
4.79
1.21
1.01
2.06
-7.24
8.55
-8.43
-2.45
9.94
9.04
-9.30
-0.53
6.35
6.03
-6.72
8.13
-5.39
-6.84
-2.33
5.81
8.85
4.98
1.87
-0.51
-3.23
-8.37
-3.98
-8.59
6.01
1.52
-9.34
4.32
-3.74
1.67
-3.62
-0.98
3.75
1.47
-9.91
3.69
0.51
-5.69
-6.83
0.38
-9.66
-3.55
2.04
-1.52
3.13
9.71
-2.19
5.51
8.21
9.69
-5.00
-1.50
-5.16
4.55
-0.09
-9.15
-0.41
0.58
5.17
5.85
-4.23
-4.92
-1.61
9.52
-9.93
-1.52
3.22
0.59
2.80
9.91
-5.51
6.66
-3.64
6.53
-1.34
-6.99
9.76
6.48
-7.96
7.97
9.69
-2.95
-3.53
-1.95
-4.88
9.91
2.43
4.71
0.49
-2.40
4.09
9.78
6.20
-7.52
9.31
6.28
4.49
6.05
0.39
-2.71
5.96
4.88
-2.53
-4.16
1.42
6.14
2.37
1.18
6.14
4.42
2.68
9.35
-8.53
-7.33
-2.60
-3.41
-7.42
9.83
-5.18
6.59
0.96
-7.57
6.38
-2.84
-5.08
9.21
-3.04
9.41
5.26
7.35
0.22
4.74
2.24
7.69
-9.42
-2.82
7.35
2.95
8.36
3.49
-2.63
4.56
2.84
2.36
7.24
-6.23
-7.53
9.82
-6.40
0.82
9.94
8.08
3.25
6.32
-4.75
-8.31
9.05
5.73
-5.38
4.31
3.09
4.84
2.57
-1.15
6.06
3.15
6.03
6.93
-0.38
4.39
0.43
-9.48
2.48
-3.21
6.40
-0.28
0.56
8.88
3.06
7.69
3.22
3.00
5.77
-3.53
2.84
-5.46
-1.83
1.89
-9.72
2.79
-0.28
6.89
1.16
-7.71
-4.26
0.74
8.96
-8.23
-2.33
-1.41
9.68
-8.38
2.63
2.16
1.94
-0.97
-8.12
-3.98
1.43
8.47
-6.29
-5.35
4.99
-6.99
1.13
-2.16
1.07
-7.18
-6.75
1.35
9.13
2.98
1.76
3.81
8.79
7.50
-5.45
7.76
-7.21
5.75
-0.13
-7.52
-9.11
-7.50
8.16
2.83
5.05
-6.43
8.86
-3.51
-7.96
-3.91
1.14
7.03
2.62
-4.21
-1.61
-6.30
-1.39
1.65
8.57
-2.25
-1.85
0.34
-8.44
-3.06
1.36
-0.36
-1.78
4.16
-1.09
8.09
6.64
-0.20
-5.89
8.32
-3.84
-7.31
-8.11
-1.46
-0.82
-6.07
8.15
-9.68
-5.51
0.78
-3.88
2.88
4.48
8.25
-1.95
6.57
-0.48
6.20
-3.09
1.09
-3.33
8.28
-5.75
4.89
5.96
3.16
6.51
6.12
-3.52
-5.86
4.44
2.64
-3.17
6.34
-8.82
9.53
-6.21
9.34
9.86
-1.72
0.12
-0.50
-8.83
-1.88
1.27
-0.78
-5.31
-9.20
-1.05
5.13
5.41
5.62
6.93
9.66
4.03
2.89
6.34
4.06
2.53
-7.18
-8.27
-3.03
5.47
-1.44
-3.17
-9.83
-1.90
0.63
9.51
1.48
8.91
3.15
-5.50
-6.40
-5.21
9.29
6.35
3.01
-9.91
-4.70
1.66
5.50
-5.56
-1.41
8.68
-8.01
-5.00
5.02
6.06
7.53
-8.63
7.79
-1.98
6.84
-0.13
4.86
-9.47
-8.51
-0.99
-6.43
6.49
1.44
-9.76
-5.49
5.05
-4.96
-6.19
4.92
-8.43
-6.10
-9.78
3.23
-7.07
-1.82
-8.18
-4.87
0.17
0.34
-9.84
-3.77
1.39
-4.95
-2.46
9.41
-4.59
-9.06
7.79
-4.06
-4.05
0.32
-0.49
-7.55
-8.23
-0.24
0.48
-9.66
8.32
4.29
5.26
9.89
-8.28
9.00
3.12
-1.83
-2.82
8.46
3.30
7.35
-1.20
6.98
-6.41
-9.81
-7.97
4.65
-6.88
-2.56
5.59
-5.56
3.39
-4.93
4.76
-3.58
-2.48
-9.95
9.70
-8.48
-9.61
8.02
5.82
9.17
7.91
-8.94
8.17
4.55
-0.77
-4.65
3.01
-7.47
-7.29
-8.19
9.52
-0.18
-4.48
-4.93
-5.53
2.17
2.52
-6.41
6.61
-0.57
-1.34
4.89
9.37
9.70
8.47
9.08
-8.78
-7.62
7.10
-9.44
-8.44
8.54
-8.38
9.73
3.09
4.37
-1.39
-3.89
-9.57
1.32
1.44
-6.53
-5.34
6.97
-1.46
2.65
-0.86
-5.42
6.24
-0.73
4.01
-1.58
-2.32
3.39
1.64
-3.85
2.47
6.39
2.06
3.09
-9.53
3.62
1.63
-4.38
6.87
-5.27
9.99
-4.52
0.84
-9.58
-9.68
-4.20
-6.11
-5.02
-7.23
5.96
7.64
5.43
-9.46
7.40
-1.78
8.08
-0.65
5.91
4.99
-5.49
-4.42
0.98
-9.10
7.64
-5.93
-5.10
4.78
5.71
0.52
5.18
-6.04
4.03
-9.34
8.32
7.98
-5.49
-5.88
-4.61
-0.51
-3.10
-8.65
0.65
-4.15
-4.58
-1.94
7.60
-6.50
-9.07
7.03
8.49
-4.56
-7.39
-0.53
-0.13
-6.22
7.06
4.77
-7.92
2.77
-1.19
7.26
-9.75
-3.64
-8.55
8.57
-5.66
-4.04
-7.30
-0.26
8.97
3.12
4.61
-0.37
-7.51
-9.97
7.69
-9.91
-6.47
-7.86
7.12
-4.46
-2.42
-6.74
8.53
-9.03
-2.96
5.60
5.74
2.64
1.89
-1.93
-0.09
2.15
4.44
4.88
0.72
8.78
-9.16
6.94
2.04
9.81
0.06
-3.34
-0.56
2.56
0.21
0.65
6.17
7.27
2.79
3.30
-7.19
-6.10
6.56
-8.65
-5.13
-2.88
6.95
-5.86
9.76
-1.16
2.21
3.19
-5.49
0.17
-1.93
5.24
2.48
-1.09
2.18
-5.48
2.25
-4.23
4.70
-4.79
-8.15
-1.56
5.87
8.02
-4.29
2.18
4.84
2.04
6.08
1.40
3.39
-5.52
8.52
3.86
-1.38
-8.19
-3.77
-5.65
8.52
0.74
4.53
-3.40
-0.50
-2.99
9.03
-8.31
5.05
4.80
0.98
3.28
-9.98
6.35
-8.28
5.89
4.37
-2.57
1.59
-0.78
9.47
1.20
-5.86
6.39
5.68
-3.81
3.77
-2.18
1.52
-10.00
5.69
0.04
4.27
3.74
6.64
-6.23
-5.73
9.20
-1.02
9.33
4.00
9.96
2.61
4.02
9.83
7.85
3.43
4.21
-1.20
-1.45
-3.05
1.79
9.75
4.61
-1.82
8.95
-9.20
-4.52
-3.23
5.84
-1.00
-4.02
-4.11
-6.73
9.73
-3.95
-2.95
-6.00
-4.75
6.03
-3.15
-7.22
9.52
-7.02
6.80
9.35
-9.17
3.76
7.08
-0.37
-7.69
-2.45
-8.57
-7.94
-4.31
3.13
-5.47
0.01
-7.87
4.82
-4.14
1.14
-9.20
1.75
4.41
-9.47
7.80
-5.02
-1.94
-6.94
-5.46
4.91
-4.16
-5.94
7.90
-3.84
-3.07
8.73
9.92
-2.46
1.89
-4.25
8.61
6.84
1.33
-5.70
3.49
5.86
4.32
5.63
0.68
-9.82
-3.23
1.49
5.45
-5.30
5.54
3.25
-0.31
-6.40
9.83
4.23
8.52
-0.81
-8.19
6.42
8.88
2.26
8.67
-7.68
9.80
0.56
-1.92
-8.06
-2.60
9.41
-0.24
-9.10
8.80
-5.92
-9.95
-0.52
-2.22
-3.18
-5.51
-3.25
1.52
-9.96
-9.99
-5.27
-2.84
-6.64
8.96
-4.32
2.56
-9.23
-4.38
4.96
6.56
-2.18
7.28
9.88
8.38
-4.64
-8.18
-0.69
-1.70
1.59
3.73
-2.90
9.19
7.30
-9.90
0.50
-5.88
-1.88
7.25
9.16
1.68
-9.22
-2.58
8.84
-5.85
-3.62
-1.95
-9.77
0.68
7.19
5.19
-2.76
-4.99
2.47
-2.88
-3.08
-8.64
2.47
9.75
3.18
-2.42
7.00
-6.20
-3.23
4.30
-6.10
-9.21
-8.06
2.02
8.05
-5.38
-2.78
8.83
2.04
-3.93
-3.50
8.43
4.12
-3.27
2.63
4.83
-4.56
-6.61
9.85
7.92
0.51
-3.23
-7.20
-3.50
0.04
5.98
4.08
-2.96
9.78
-9.14
-8.66
-2.80
-4.83
-6.72
-7.25
-6.78
-2.10
-0.03
-4.42
9.95
6.04
5.60
-8.10
3.68
-7.66
8.05
-1.48
-2.22
-8.56
1.89
-0.78
5.47
8.66
5.54
-8.02
-1.30
1.52
6.06
5.74
1.30
-9.56
-9.40
-7.97
-4.38
-6.12
-5.22
2.36
5.30
4.75
-8.54
8.77
4.32
7.07
-5.81
-2.00
-7.07
-7.76
-9.96
4.23
-2.80
1.93
-6.54
-7.32
4.11
-7.48
-1.82
-7.19
4.05
-5.76
-7.93
-1.13
-1.79
-3.81
0.90
7.35
3.59
5.68
3.23
2.42
3.96
4.70
1.19
-1.72
5.29
8.91
9.80
8.22
-5.33
9.85
2.45
1.88
1.78
9.43
8.08
-4.10
-8.04
-3.74
2.23
6.01
4.02
7.83
-1.60
-7.77
-2.46
9.31
-6.90
-8.86
8.51
6.34
3.56
2.47
4.56
-1.73
-9.25
-0.15
-2.82
-9.44
-1.93
1.86
-6.07
-5.96
-2.74
5.71
-6.52
-1.14
-4.87
-4.56
5.12
-9.11
-5.03
2.66
-7.76
6.89
8.42
-0.22
6.20
-8.48
0.92
4.72
-8.62
-5.52
0.71
5.94
6.28
1.47
-4.21
-6.54
5.55
7.38
8.84
9.48
-8.57
-0.38
8.71
-5.09
8.48
-2.63
3.87
7.12
-1.74
-7.64
-0.21
0.50
9.25
-1.79
-9.72
8.98
-0.27
4.73
7.22
1.12
-7.27
-2.07
0.58
9.01
9.40
6.38
-4.00
8.47
3.76
-5.16
-8.53
5.19
7.99
-9.81
-6.38
6.47
1.08
7.49
7.12
9.34
-6.63
-3.09
3.36
-7.37
5.12
7.16
-4.87
-1.63
1.89
-7.65
-6.99
8.15
0.28
3.60
7.16
3.21
-0.02
-6.84
1.68
-2.74
1.53
6.68
-4.02
-0.48
6.87
-0.40
-0.49
1.47
0.62
-3.37
0.81
3.99
7.06
-2.31
-9.86
2.18
-1.63
-4.73
-5.92
-9.73
-2.38
-2.91
-8.06
-8.57
-9.31
-7.38
4.64
4.19
-0.69
-0.16
-8.54
-9.16
-3.48
0.96
3.88
-3.09
-9.44
-3.09
8.38
1.18
7.07
2.71
-1.30
4.13
-9.60
-1.16
-0.16
-1.22
7.64
3.92
2.57
-1.22
-8.99
4.51
0.21
-4.77
-9.35
-5.15
9.42
-0.04
4.70
-5.60
0.80
-8.78
5.36
-1.80
1.66
9.45
5.12
0.04
0.63
5.71
-7.24
-7.15
-0.16
-3.32
1.70
9.68
8.98
2.86
7.12
1.55
-8.36
8.14
-0.42
1.86
-3.11
0.24
6.71
-0.17
-9.80
4.93
4.24
4.53
9.68
3.12
-3.75
1.34
2.57
-5.11
-8.62
-3.27
-9.40
-2.34
-0.42
3.97
4.35
-5.20
3.65
3.33
7.66
0.78
-1.59
-7.17
2.44
-8.49
4.69
9.33
5.27
1.40
2.68
5.48
-0.14
-3.08
3.53
-0.46
-6.43
9.78
-9.12
9.66
-1.80
-4.22
-0.09
-1.20
3.45
-6.98
-7.23
1.32
1.34
9.95
-1.83
2.53
4.25
-9.90
5.36
0.21
-8.38
0.05
3.06
6.89
-5.03
-4.26
5.89
4.83
6.19
2.94
-5.63
9.76
6.25
-1.23
-7.06
-5.55
4.56
2.86
3.25
1.53
5.88
9.55
-3.63
-2.78
9.50
8.06
-6.73
3.75
8.17
8.63
-6.04
-6.69
-1.32
-9.46
-6.28
3.66
-3.72
-6.86
2.01
-7.53
6.08
9.91
-7.77
2.33
-1.32
-4.82
6.78
-3.24
-8.44
3.56
-8.19
-9.04
3.11
1.70
1.70
6.13
-0.23
4.98
3.40
1.46
3.61
-9.12
8.29
-7.70
-8.58
-7.99
9.48
-2.30
-4.85
1.49
0.18
-8.76
4.92
5.93
7.09
-6.39
-5.37
7.40
3.89
-3.81
0.96
5.71
-2.85
-2.41
-2.59
8.86
-2.76
-9.30
3.84
-9.36
5.68
0.97
-8.48
3.97
3.27
-7.06
9.51
6.27
4.16
-5.34
1.29
-5.66
-0.58
-3.79
-6.20
-3.48
3.34
-1.57
-2.56
-2.76
8.15
8.40
-7.05
-4.70
-0.49
3.88
-2.32
6.75
8.11
-4.96
-9.09
7.31
6.02
-7.57
1.29
2.81
-1.11
0.80
-0.91
-3.43
8.98
-9.62
4.44
-1.59
0.11
8.24
8.45
-6.54
-3.33
-4.11
0.70
-5.18
-2.19
7.17
3.65
-9.16
4.57
-8.67
-8.89
2.68
-3.62
-7.98
0.00
-4.08
-5.55
-5.19
8.73
6.86
9.13
-2.18
-6.57
8.11
1.72
7.87
0.04
-8.16
9.63
-1.51
-1.18
-3.69
7.90
9.52
4.65
-0.77
-9.79
1.82
0.07
4.78
6.68
1.18
0.99
-3.42
6.72
-5.49
2.50
-8.83
-0.68
1.23
-8.45
-1.55
9.06
-1.49
0.08
4.30
-3.62
-9.87
6.14
-3.98
2.14
-1.52
5.85
3.57
-2.00
4.02
-7.20
-1.79
-0.63
6.40
-3.48
-3.95
1.10
7.51
2.63
-2.17
-7.98
-4.87
2.52
4.86
6.36
7.60
-3.17
8.94
-3.89
6.91
3.25
6.01
-9.44
2.91
-4.45
6.23
-8.60
-5.08
-0.20
2.92
8.95
6.12
-5.34
1.84
6.04
1.18
7.89
-2.85
-1.31
4.04
8.50
4.23
9.17
4.54
-0.91
9.05
2.14
9.44
-8.48
8.25
9.87
8.29
7.79
-6.04
4.72
-6.66
-9.81
9.64
-1.73
3.51
2.57
0.74
-0.37
7.23
-7.42
-0.80
-1.59
-9.53
9.87
-9.38
8.03
8.37
8.37
7.20
2.91
0.98
9.77
-1.42
0.42
-5.19
0.35
3.81
-3.38
-1.86
7.77
-8.65
1.49
7.96
-9.01
9.76
4.99
3.56
4.02
-1.85
4.31
6.60
7.35
-3.76
-9.41
7.22
0.38
8.62
9.11
-1.25
9.34
5.54
9.73
-7.37
-5.88
3.67
-2.55
4.48
-2.51
4.07
-7.38
-4.74
5.42
7.63
-3.25
9.94
-9.09
-4.74
3.50
4.93
3.41
1.34
1.53
0.76
7.58
2.12
1.50
-2.03
0.74
0.61
-9.76
0.08
-3.84
9.98
6.24
0.28
7.17
-6.31
-1.72
-1.82
-8.72
4.43
3.45
6.71
2.06
-6.28
-9.83
2.98
-1.02
3.67
1.43
-7.60
-1.47
-7.03
6.68
-3.88
8.61
1.71
7.61
2.88
-7.68
7.85
-3.52
2.00
-8.65
-7.28
-4.19
8.53
-0.07
4.09
-3.29
1.22
2.04
-6.32
1.45
-5.89
0.92
1.62
-9.39
-6.57
-1.19
2.04
-0.65
7.35
8.53
-3.97
-6.53
-9.33
7.74
-5.40
7.07
-6.41
-7.55
-6.45
5.59
-6.19
-0.20
-5.08
-4.14
9.73
-7.46
6.09
0.95
4.58
-6.70
-7.60
-7.79
4.22
4.02
-7.18
7.65
-7.16
8.39
-3.00
-9.81
-9.56
6.56
-2.82
-5.37
7.82
1.78
-8.30
-5.07
7.75
-4.74
-5.95
-4.92
5.06
-1.03
0.94
4.79
1.51
0.56
-0.73
-0.38
3.86
1.67
1.83
1.60
-0.78
8.18
2.78
5.58
6.57
9.78
9.29
-9.47
9.86
-0.01
-4.83
-8.79
-8.23
-3.13
-0.34
-6.96
5.65
3.71
-1.87
4.23
-3.79
-7.41
2.55
-8.76
3.15
-8.18
0.86
0.53
7.01
-7.30
-7.86
-0.25
-9.12
4.92
-4.67
-9.03
8.22
-5.38
-4.98
-8.39
4.61
0.19
-3.66
9.90
-9.41
6.00
-7.05
6.24
3.24
4.60
0.48
9.45
7.19
-6.97
-5.79
3.87
-1.63
5.08
-5.60
-4.62
-8.70
0.06
5.14
-4.30
-1.50
-6.01
0.19
-3.27
2.14
5.21
1.86
-3.25
-1.07
8.20
0.18
-0.48
4.20
6.65
-0.72
-2.56
1.25
-6.72
0.41
-1.56
-0.17
4.63
-4.17
-8.28
3.23
0.24
-2.89
8.05
-6.18
-4.23
-2.73
2.33
3.28
7.46
9.06
-4.58
6.19
0.92
5.70
-1.36
2.64
-4.12
-8.32
-3.16
-7.47
4.49
7.81
3.78
7.77
1.74
-4.26
1.13
-3.63
1.58
2.85
-6.88
-4.66
-6.52
-5.31
-0.84
2.77
1.96
-8.51
-3.94
2.94
-5.93
1.48
-0.86
8.51
-2.82
-8.70
1.15
6.58
-7.01
-8.48
9.11
7.48
9.33
6.41
8.77
4.59
-7.84
-0.10
-5.51
7.26
-7.24
-2.39
-7.40
-3.76
2.31
1.76
9.02
-5.73
6.78
-4.92
-9.26
-9.15
-9.92
3.40
9.37
0.79
4.70
4.04
-2.63
-8.79
5.56
0.01
8.69
8.41
-3.58
7.47
3.01
2.10
0.89
7.50
-0.64
3.65
-1.37
1.96
-6.58
-9.06
-2.75
-7.56
-1.26
-5.97
1.04
-0.52
-1.60
4.64
-7.12
1.29
-4.57
7.58
-4.66
2.81
8.80
-9.10
-3.66
-8.99
-7.16
2.76
-8.00
5.85
-5.13
2.90
6.87
7.75
0.07
-4.50
3.24
3.49
-3.55
-9.51
9.45
8.71
-1.96
4.01
-1.81
6.44
-1.34
4.59
-2.26
4.09
5.69
6.60
0.42
8.01
-8.98
6.76
9.03
-6.14
3.05
-5.45
9.71
-8.56
-9.03
6.58
9.19
1.05
-4.39
2.43
-1.94
2.06
6.44
-2.48
0.77
-5.52
-8.47
-7.52
-5.55
3.71
7.07
2.19
-2.19
6.28
2.31
-8.25
4.30
3.33
-7.96
6.85
7.20
5.09
-8.60
-9.57
6.53
-7.62
-9.46
9.24
6.95
-3.85
1.68
-4.99
-8.27
1.64
2.53
6.02
6.13
7.59
8.50
-9.42
1.30
9.09
6.29
-7.37
8.89
-1.40
-5.61
3.19
-8.07
-0.05
0.04
-7.35
-4.96
4.97
-3.39
-4.91
7.35
-2.85
-5.67
7.82
6.82
9.53
-7.17
8.55
1.18
8.89
8.09
0.83
6.48
-9.89
1.41
1.30
9.20
1.22
7.46
-8.39
9.82
-8.15
4.81
-4.73
5.32
-1.63
1.45
-9.64
-6.66
8.06
-1.03
-5.79
-1.27
3.30
-4.45
-4.45
6.36
-1.61
-2.38
1.06
-2.72
-4.29
-8.11
-2.72
-4.18
6.82
8.58
-1.46
-1.96
6.04
0.15
1.38
-8.59
-1.52
6.65
6.73
6.86
1.62
-9.39
-6.28
-0.32
-0.42
1.46
-8.07
-3.59
7.01
-2.52
-7.23
-1.08
8.62
3.83
6.20
-5.67
9.24
-6.52
0.15
6.06
-4.41
-7.79
-5.90
-8.37
2.37
5.48
-3.43
-9.15
5.65
-6.70
-8.77
-2.72
-2.56
-1.52
-9.52
7.02
-6.54
-4.06
-3.05
-9.53
3.42
-0.28
-0.60
5.57
-2.93
-0.88
9.90
-3.69
2.61
3.58
-7.63
8.20
5.79
-0.01
-6.65
1.68
-4.53
-0.08
6.06
-5.35
6.75
-9.19
5.45
-2.29
-0.71
9.45
-5.27
2.75
-4.61
1.69
6.75
8.82
-5.07
-0.33
4.39
5.53
-7.69
7.81
-8.16
4.92
1.39
-2.26
6.64
0.71
7.73
-6.48
-4.09
-6.79
6.96
-8.03
-2.14
3.71
-7.21
-3.17
-8.58
5.60
-3.72
-0.32
1.88
1.68
-5.11
2.15
4.02
3.34
-4.66
1.93
-1.13
-2.35
-0.26
0.72
-3.90
-5.34
-8.02
-7.26
8.89
9.71
-0.22
-5.20
-7.08
-3.25
0.30
4.30
-6.02
6.61
-8.87
-1.07
2.21
-2.58
-7.87
-2.39
-7.38
-2.98
9.76
6.64
-6.12
-1.38
-1.43
2.76
6.28
8.31
-3.00
-7.62
-3.51
-1.02
-1.36
-4.62
-1.31
8.43
3.71
5.14
-4.82
-5.99
2.96
-0.84
-9.38
7.62
-8.39
6.35
-4.96
-6.26
-2.51
1.18
0.76
0.77
-2.18
8.17
9.40
6.39
0.93
5.68
8.22
7.93
8.06
-1.76
0.43
-3.30
3.62
9.12
-1.35
0.85
7.78
3.83
4.86
0.75
-3.48
9.00
-1.63
-1.87
8.88
6.93
1.88
-3.63
-1.89
-3.84
7.14
9.45
-5.67
-9.94
5.84
8.78
5.74
7.58
-9.77
7.32
-4.18
0.66
-2.45
-7.03
3.31
6.20
3.82
4.61
3.56
-1.31
-4.64
-9.92
1.21
7.25
1.73
0.09
4.18
-2.87
9.98
-4.19
3.30
7.13
-4.74
-8.85
-9.29
-5.38
-6.54
6.46
-7.79
-6.31
7.30
-1.97
7.88
-5.15
1.00
1.19
-8.94
-5.17
-4.20
8.14
7.04
4.69
8.22
-1.75
1.94
3.47
8.35
-0.35
-9.39
-8.15
5.46
7.43
8.98
-5.75
-7.90
9.70
-1.13
-4.44
9.68
1.08
-0.74
6.98
-7.36
-2.86
-4.64
7.16
-8.15
-0.06
-8.01
1.17
-1.92
-7.45
-0.62
-0.18
0.81
-8.67
-6.71
2.68
4.50
-6.10
4.53
3.48
-5.15
7.04
7.73
-3.04
-9.74
-3.39
2.52
-6.54
-8.79
-4.70
-6.04
-6.15
2.44
-0.68
-5.46
7.81
9.26
-3.47
2.51
-2.66
2.61
-8.11
-9.32
-3.06
-3.26
-6.02
-6.86
-8.76
1.40
-8.81
4.73
6.26
8.23
2.46
-3.26
-7.99
-7.41
9.26
-4.53
-2.67
-1.91
-0.56
4.70
-9.47
-7.72
9.24
-8.13
-8.45
-0.70
4.38
2.41
-8.09
6.27
3.10
-1.15
-6.98
-9.40
1.99
-2.22
2.00
3.18
-7.49
1.78
4.94
8.50
8.52
6.95
-5.39
-8.69
-4.05
1.94
-0.60
8.91
-3.35
3.45
-8.81
-0.59
8.84
-3.74
8.71
3.22
8.68
-9.38
3.02
5.30
2.99
6.04
5.90
-5.02
-6.18
-2.10
-8.31
-0.14
-6.79
-9.85
1.88
-4.75
-9.38
6.49
-3.44
-3.43
-1.56
9.48
-1.00
8.61
6.46
3.72
-1.98
5.30
9.98
0.26
2.05
-7.82
0.88
-4.93
7.48
-6.12
-5.37
3.38
2.38
1.97
-5.19
7.59
-8.17
1.54
7.74
3.71
6.79
8.37
3.73
-3.12
-1.54
-4.31
-3.64
7.47
-2.18
-3.66
1.19
5.84
-8.35
4.69
-3.90
3.70
6.88
-9.49
-7.71
4.36
-2.09
-3.08
1.27
-6.19
8.89
6.08
-8.59
-5.75
-2.38
-7.33
-8.52
-2.07
-5.44
8.73
4.81
3.03
-5.58
-5.30
4.02
2.24
1.04
-1.27
1.61
6.21
-6.58
-8.77
-0.09
-9.70
-8.26
5.72
4.67
3.17
-7.36
-4.06
6.99
-4.94
-4.46
-8.08
2.83
6.68
-1.89
7.83
-1.87
2.68
6.57
-7.05
-4.29
-9.01
-2.35
9.73
6.76
-7.79
-1.54
-1.63
8.43
5.40
-0.40
1.86
5.71
1.35
-2.41
3.90
-1.96
0.23
9.84
-4.97
8.81
-1.10
0.47
5.16
-0.90
8.59
3.00
7.23
1.27
-0.43
-6.30
-9.50
4.08
1.35
-6.25
0.84
3.57
5.73
9.21
2.00
1.13
2.34
-6.14
-3.16
-2.79
4.97
-9.26
5.25
-4.79
-5.90
-6.19
-2.46
6.52
4.28
-7.29
-4.38
6.39
9.23
-3.62
-2.34
-1.20
0.08
-1.84
-3.60
-5.04
1.91
-9.23
-7.95
-2.36
9.98
7.57
8.78
2.32
-8.57
-0.86
-6.95
9.93
-0.11
8.31
-4.86
7.51
-7.88
6.20
4.04
9.92
-7.57
-6.82
6.32
-8.34
-0.44
-2.50
3.98
-6.83
5.67
-9.61
-1.87
1.10
-8.84
0.18
-7.73
-5.34
-2.25
-5.43
-9.49
2.70
7.23
-6.44
2.63
-2.88
-4.61
-8.71
-1.84
-2.49
-8.98
-7.80
-2.56
-6.55
-4.62
-2.72
-4.88
8.47
4.78
9.10
-8.36
3.97
-6.99
3.29
-4.92
-5.83
-6.53
0.87
2.36
4.74
8.96
6.39
-2.56
6.19
9.95
-6.40
-3.16
-4.65
-1.59
5.00
6.38
-0.57
7.20
-2.66
2.89
-3.90
4.62
8.01
-1.91
-0.59
-9.37
-0.27
-6.62
-6.35
-6.98
1.98
1.34
0.01
-3.63
-6.30
-5.25
-4.67
-9.91
5.72
-4.95
-6.43
9.32
1.89
2.44
-2.27
0.41
-1.18
-9.31
-2.39
6.17
3.58
7.23
4.31
5.11
-4.67
-2.76
5.74
8.58
4.15
9.39
-4.87
-0.35
0.74
5.14
6.03
7.96
-6.58
-5.12
-8.42
-7.34
-0.07
-4.85
-4.50
-4.66
7.59
6.75
5.75
-0.07
7.44
-3.12
-0.38
1.02
-2.36
-6.06
-3.87
6.49
1.18
-8.12
5.07
-4.67
-5.21
-6.28
4.99
5.53
-7.61
4.54
7.02
-4.19
-7.06
8.60
1.99
6.40
-6.25
7.49
-8.26
-5.14
4.24
-8.98
4.79
1.69
1.42
-5.58
-3.77
9.06
1.88
2.37
5.55
-3.42
7.77
0.63
1.92
-7.44
7.87
0.43
-8.38
-9.74
-1.51
8.64
-0.41
1.43
7.24
-8.42
-2.17
-5.49
9.07
-0.42
2.89
3.32
4.12
-2.32
-1.47
-4.46
5.62
4.76
-5.39
1.02
0.65
-9.84
7.61
-1.58
4.31
3.05
4.51
5.71
-6.52
6.13
5.97
1.97
8.29
-4.43
-6.60
5.53
-2.85
4.76
-6.44
-3.77
-5.66
6.45
-6.93
-8.02
-2.35
5.12
-2.48
-3.20
-0.12
5.65
-8.66
-5.94
5.82
8.95
2.48
3.65
2.00
-3.01
-0.64
9.00
-3.36
-1.14
0.97
-5.07
4.43
7.90
-6.02
-4.90
2.66
-2.46
1.33
-9.48
-2.49
7.92
-7.50
8.69
6.56
3.54
-0.99
-0.03
-0.80
0.35
4.03
-1.46
-0.69
-3.49
-4.29
-5.17
7.03
8.60
-6.16
-6.33
-2.54
4.81
-1.39
-8.11
6.23
2.59
-3.01
2.41
-6.34
-8.15
2.93
4.69
-6.71
8.95
3.38
9.86
2.50
-7.61
-0.17
-8.30
2.75
-6.14
0.24
-4.42
3.89
5.95
0.41
0.92
4.55
4.25
4.60
-4.47
2.59
-3.27
-2.58
2.34
9.32
7.94
-5.24
-3.50
-6.69
7.69
-8.80
0.12
6.65
4.58
3.50
2.67
-9.50
-6.67
4.37
6.77
0.71
-1.87
-7.65
-1.87
-2.40
6.28
9.05
-4.32
4.06
7.17
1.21
-3.35
-2.58
-7.84
-7.49
0.27
-9.90
-2.73
6.77
-3.07
-1.51
7.97
7.05
-4.86
6.08
4.08
-8.67
-9.90
-9.07
9.22
6.87
1.65
-2.65
-7.26
-6.70
4.95
9.02
-4.13
-9.37
6.60
-6.95
5.37
-6.75
3.99
7.53
-4.23
-5.74
-8.85
6.56
-8.96
-1.92
-4.95
-7.47
-1.35
3.71
-7.87
-7.27
5.04
-7.77
-2.81
4.26
9.10
-7.64
-4.87
-4.64
-4.34
-9.91
-5.61
1.53
-5.76
-9.01
8.10
9.61
-2.23
2.10
7.14
7.06
6.36
8.29
7.14
7.40
-0.11
-7.80
-6.54
-7.93
5.91
-4.41
-1.68
4.48
-2.17
5.51
-1.26
0.45
7.87
3.88
5.82
-6.47
7.49
-6.27
8.59
-4.75
-1.76
6.69
-5.13
9.53
-1.21
-4.47
6.59
-1.32
-2.65
7.26
-0.40
-9.24
9.46
3.06
-7.17
8.89
8.66
4.68
3.37
0.01
3.71
-4.36
-9.54
1.59
-6.96
6.28
8.64
-5.95
-9.99
-9.25
-0.70
-1.74
7.45
4.17
-2.21
-0.24
-6.77
-2.09
8.44
0.58
-1.31
1.57
4.86
-1.85
-5.37
7.70
0.56
-3.19
5.90
-2.54
6.82
-0.39
3.10
-9.19
-5.28
9.66
7.09
-6.63
-6.29
-9.37
-2.36
3.01
2.41
-4.91
0.71
-6.28
8.38
7.46
5.15
-9.66
-1.96
-6.16
1.91
-7.10
5.51
6.55
-5.88
-3.92
-3.12
-6.46
3.54
-6.29
3.16
0.16
-1.96
7.88
-0.18
-4.87
-5.23
3.53
-0.72
2.42
0.06
-8.31
-8.97
-5.71
-1.06
9.41
-8.25
-5.91
9.76
3.31
-2.06
5.19
9.74
-3.03
1.74
-2.62
3.05
8.63
0.93
0.11
-4.14
-5.91
-9.73
3.90
-4.51
3.61
-7.45
3.79
