0.66
1.84
-0.27
-5.75
7.05
4.28
-1.46
-4.01
7.22
0.30
3.61
-9.50
-6.39
-4.93
5.69
-6.65
2.04
0.96
0.74
-4.90
3.11
-4.81
8.73
-7.51
2.80
-7.47
6.39
8.29
6.14
-7.54
5.60
-3.19
7.82
-1.15
1.06
8.40
-3.34
-6.88
-5.61
-6.12
3.42
8.00
-5.62
-9.44
-3.41
-6.41
-6.09
8.64
4.55
8.17
-2.74
1.18
-6.64
-4.01
3.67
6.16
-1.48
3.58
7.98
-1.81
6.05
7.10
8.52
7.39
-0.52
3.10
5.79
6.14
6.22
-9.81
-9.98
-0.35
-8.29
-2.08
0.21
-1.69
5.03
7.64
0.47
-0.41
9.34
7.73
-9.23
-3.78
-6.28
7.97
-4.09
5.77
1.55
-2.59
-6.04
-2.40
-1.97
-7.52
-1.48
7.51
5.58
-5.69
3.65
5.32
