5.16
-9.37
2.96
9.22
7.41
-3.30
4.48
1.92
-3.31
1.27
5.48
-8.16
-7.18
1.36
-6.98
1.01
-4.38
-7.92
3.25
-0.23
0.77
5.07
5.15
-0.75
-4.53
-0.55
8.40
8.58
-4.90
4.75
0.47
-9.74
5.38
-6.57
9.48
6.31
3.65
3.96
-1.76
-9.65
-1.25
-2.76
-7.81
1.57
-7.88
-4.78
-7.41
1.27
0.82
9.36
-8.96
-8.41
4.43
6.19
4.36
-6.58
-0.83
6.29
-8.00
4.27
1.04
6.00
8.05
-0.06
9.43
7.54
-3.75
6.61
5.02
8.01
6.96
-6.22
-1.22
9.15
5.35
0.90
-2.11
-8.54
-7.83
-7.77
-9.18
-3.27
-6.18
5.25
-7.07
8.19
8.67
5.62
4.48
-5.80
-0.11
-0.96
-6.28
-2.06
8.98
-3.33
-1.00
-1.25
-6.72
-2.45
-3.23
-9.76
1.33
9.07
-7.08
0.20
-0.03
4.33
5.19
5.67
6.57
6.01
-7.60
-6.09
4.79
-1.15
-4.38
6.98
-5.53
-6.38
-5.30
7.88
2.66
-1.58
-4.17
5.16
5.10
8.35
-6.08
-8.10
-4.10
4.21
-7.85
-9.25
3.28
-1.41
4.48
-3.23
-3.56
-0.33
-7.56
-6.99
-4.32
-5.15
0.45
-6.01
3.70
9.59
-9.02
-8.30
-6.78
-0.80
9.58
9.40
7.63
-1.07
4.57
6.25
-2.71
-7.99
8.15
6.71
9.74
-6.18
-9.01
3.02
2.41
5.47
-6.69
8.86
-4.86
-4.24
-4.61
4.34
4.13
9.36
-8.14
1.35
8.96
-3.64
3.05
-7.82
5.56
6.16
-4.90
6.71
-4.91
9.67
2.96
5.90
-4.80
1.12
6.14
-5.06
8.46
7.13
-8.52
0.88
2.60
-5.20
3.26
-8.74
4.08
-7.83
9.12
-1.79
-8.46
-5.50
-6.92
-9.50
0.86
9.66
-3.80
-3.57
5.82
4.82
-6.86
-5.57
8.02
9.63
-9.66
-6.78
4.27
6.48
-1.83
2.73
3.61
3.17
-2.87
-0.27
7.97
-9.61
4.51
2.05
-3.91
7.15
-6.22
-2.37
-8.34
0.39
1.65
2.52
3.57
-8.63
-7.53
-0.61
6.19
-0.86
3.82
4.21
-1.23
7.68
7.44
-6.96
4.16
-0.87
9.29
1.29
-7.70
-3.57
-5.46
-6.20
0.34
-7.43
5.85
6.43
9.73
-6.84
-5.94
-5.09
7.07
5.71
-9.05
0.64
7.08
-3.05
-9.97
6.80
6.09
7.37
1.01
-1.62
8.58
-1.55
4.94
2.74
-8.90
4.23
-2.44
-6.59
-9.34
2.10
-2.79
1.01
4.68
-3.42
-2.56
7.93
3.26
5.03
-3.64
0.33
4.26
-2.69
-9.03
4.87
4.26
-5.48
1.67
3.87
-4.58
-7.32
-7.75
-6.00
4.66
7.19
-9.74
5.76
1.43
-2.18
-7.31
5.61
-6.55
-0.10
-3.38
-8.35
-9.99
7.59
-6.90
3.27
6.14
-0.54
-2.87
0.40
6.77
1.62
-4.73
4.56
9.67
-9.54
-1.57
-4.91
-6.85
0.69
2.61
7.81
-2.12
6.39
7.09
-7.17
-2.26
9.79
8.45
1.19
3.21
-1.41
6.36
3.22
-0.30
9.46
0.02
-4.16
-1.08
7.15
9.77
-0.79
2.29
-4.96
-6.23
1.96
-4.49
2.21
-9.43
2.18
-3.58
6.70
3.51
7.82
3.10
0.60
-9.34
-9.16
3.91
-7.37
5.55
-2.87
4.74
1.91
-6.13
-5.55
4.89
3.89
0.29
-2.67
4.56
0.06
6.54
-3.14
8.63
-9.68
8.82
-2.34
6.05
-7.08
-6.64
-7.53
9.62
6.87
-6.19
6.24
0.99
-5.53
7.08
-1.57
0.62
6.15
5.56
-4.63
1.58
9.43
-0.18
-3.53
6.85
-6.37
3.80
1.41
7.22
3.87
-8.21
5.85
7.71
-5.86
-2.97
3.76
-2.94
0.39
9.75
0.20
0.78
-2.92
-3.55
-4.71
1.56
-6.47
3.72
-7.82
-6.79
2.80
1.07
4.79
2.24
-9.11
-5.21
2.61
-1.95
-7.89
-2.46
-4.73
5.98
-0.66
-5.36
3.69
3.48
5.19
0.97
-5.94
-4.42
4.24
4.26
9.88
-8.67
-9.29
-1.31
6.41
-2.23
-7.58
-7.89
0.98
5.22
3.19
-4.23
0.98
7.60
0.56
-6.41
-4.35
6.20
1.14
4.44
2.18
-6.00
9.08
-0.60
7.48
4.27
-9.63
-8.46
-6.63
8.14
5.80
-3.23
9.47
-9.96
5.47
9.40
-2.19
7.89
-8.49
8.79
6.63
8.22
-1.92
1.14
5.83
-7.83
4.73
-5.00
8.37
-0.61
9.45
0.55
3.39
8.53
9.95
4.39
6.33
-6.15
9.45
-6.78
-8.01
8.78
0.00
-5.02
8.82
-4.53
-5.62
-3.37
-3.12
-4.11
-4.58
-2.97
-2.36
3.50
8.17
-6.53
5.67
6.43
-1.53
4.04
-0.66
1.44
-1.88
-7.26
3.50
-1.93
-9.35
-0.17
5.44
-9.89
3.05
7.43
8.89
-3.43
-7.59
-8.77
5.56
0.31
-2.14
-4.04
9.73
6.80
3.00
-2.63
3.82
4.69
0.84
3.02
1.12
-7.17
0.58
-9.53
7.80
8.70
-3.27
1.30
0.30
0.90
-8.87
-4.26
1.01
7.70
-3.30
3.42
-5.72
2.63
4.65
-6.64
-7.05
-3.97
-0.67
-7.32
-3.65
-4.15
0.05
-9.82
-9.46
-5.59
6.72
5.19
0.76
-2.70
9.18
-1.44
-0.47
-4.09
9.86
-6.65
-9.67
-5.49
2.61
4.87
-7.78
-7.17
-1.71
0.02
5.47
-3.53
3.38
8.42
6.02
-7.29
-8.90
-7.62
-1.44
4.67
-3.92
2.63
-7.40
-7.20
-2.18
3.36
3.62
-3.00
-8.07
-3.33
6.43
-4.69
0.02
6.76
-0.17
-3.84
1.63
5.57
-1.01
-6.55
-4.41
-5.54
-0.08
8.97
-3.60
-0.54
-4.79
-2.50
1.84
7.29
-4.31
7.92
-0.08
-1.71
-5.76
7.74
-8.34
7.87
-1.74
-2.89
-1.94
-5.31
5.94
-8.39
-8.54
-0.71
-2.23
6.61
-5.14
-9.72
-9.94
0.45
-1.73
3.50
2.95
4.67
-7.03
-8.32
-4.30
4.81
8.97
1.39
6.26
2.42
9.69
-5.98
3.68
-5.13
-4.59
-8.05
5.50
3.48
-3.36
1.44
5.09
1.62
-9.26
-3.62
-1.76
-4.40
-3.34
-1.70
9.58
4.93
-8.19
6.05
-0.39
-1.70
7.73
5.31
-6.89
-9.78
0.22
-7.11
6.16
-0.09
0.44
-0.15
8.30
5.85
1.80
3.80
-0.67
-8.04
-1.23
-2.06
3.59
3.03
4.32
-4.65
-7.85
-5.49
3.65
-8.27
-7.04
8.98
-8.70
6.09
-2.72
-7.45
4.92
3.92
-3.70
-4.85
-9.67
-7.54
8.58
0.77
2.31
6.89
-3.37
-2.37
4.21
9.48
-0.40
-7.02
0.95
-3.29
6.01
-4.73
2.06
8.17
3.30
-0.77
-6.58
6.27
1.74
-5.27
2.36
-7.46
0.80
-2.71
9.98
7.10
5.96
-6.16
9.57
4.54
4.61
5.40
1.43
-5.24
-3.44
-4.35
-2.23
9.68
2.15
8.72
-3.61
-1.83
-2.49
-8.03
-0.14
-9.18
4.72
3.28
-9.39
-3.54
-8.47
2.97
2.53
2.34
-6.22
2.51
-0.56
9.74
6.35
2.53
7.81
4.49
-2.06
-0.76
-7.23
8.02
8.41
0.54
7.70
4.09
-0.74
-2.39
-7.74
6.78
3.10
5.64
-8.88
-2.18
-1.08
-8.27
7.81
3.98
8.22
3.86
-3.68
-7.99
-0.11
9.28
-4.73
-3.75
1.82
-3.40
-5.74
-6.72
9.37
-2.97
-8.70
7.78
-8.90
-7.48
1.87
0.36
0.13
7.65
0.66
-3.25
3.29
1.78
4.57
-4.26
3.51
5.90
-6.76
5.26
-0.24
-0.44
7.27
9.66
-1.16
-3.94
-0.57
-5.82
2.67
7.21
0.98
2.04
-5.76
2.28
3.34
-4.66
8.32
-1.26
9.23
1.97
-0.09
3.41
8.72
-3.27
-4.80
6.82
5.99
-7.77
2.72
9.23
7.49
-3.99
2.31
8.28
-0.81
-5.33
-2.13
-7.86
-1.14
-5.94
9.35
9.84
9.62
-6.41
5.65
2.96
2.46
3.97
-4.78
5.21
-0.53
8.66
-1.38
-1.81
-4.61
7.34
-4.99
-8.62
9.58
-8.74
-9.39
-9.41
-2.73
2.92
-7.60
9.98
7.59
0.27
-7.88
-0.03
7.85
-8.53
3.34
7.47
-1.42
-1.01
3.95
-5.44
-3.52
9.18
9.77
5.95
7.84
1.92
-2.33
-3.25
-0.74
2.68
-1.87
2.36
3.94
2.26
2.96
-5.27
-1.30
8.88
-5.29
-0.19
-0.85
0.35
-6.69
-3.00
1.82
6.65
-2.01
-6.07
-0.84
-8.06
-1.51
5.64
-5.36
1.79
5.12
-7.52
-6.29
-7.21
2.75
2.97
8.99
-5.60
-4.66
2.94
6.66
