21318.47
-19759.66
10291.04
13622.00
-22876.60
4564.34
-6224.63
7059.51
19897.46
12791.54
32933.24
14109.03
-8611.16
7252.62
-2683.97
-9989.18
7363.57
-11736.97
26814.66
-18905.60
-6986.85
-22794.45
14346.92
4915.86
23321.68
1255.83
-28311.07
14971.67
17137.28
1132.49
25374.84
-3053.06
43978.87
-6310.63
14290.62
12994.13
75.69
-6879.56
2508.37
-3270.46
-13614.42
5301.22
6746.96
-16474.88
11404.93
1494.39
-13364.09
-16316.59
12889.20
-32825.29
-39660.95
8902.32
-10216.06
-16253.62
15337.71
24603.38
-20537.91
18934.42
11440.44
-12326.25
-55439.82
21593.45
-9649.29
7331.20
-3470.02
-95.94
-4516.22
9362.82
-3817.22
-3241.17
-5594.93
9092.72
-18051.14
-16311.94
8140.29
20588.09
602.84
6981.05
-12407.99
-8745.29
35332.43
-24185.65
7819.28
-17332.31
7687.02
-13745.67
14099.57
21367.03
4864.09
-506.11
-5828.24
21174.13
7756.89
6175.17
9356.25
16270.71
784.64
-2679.99
-14375.20
-16856.35
