-44457.40
-113860.77
-107867.26
55247.14
322341.47
-5290.08
200100.95
-76669.67
-162116.83
116798.62
85171.02
156069.25
36103.76
-73689.02
133746.11
-264897.38
84594.79
-139986.22
119075.41
-26691.73
62301.14
71069.53
176292.58
154512.66
-76071.25
366550.41
-36635.10
-58483.06
29666.99
-164398.73
-98892.51
148378.75
19748.03
-370733.38
-29381.40
-255250.41
-227004.59
-17240.92
-477693.06
-104979.83
-418092.03
109355.25
99009.31
-113164.51
-115301.55
96826.96
135480.58
106421.19
-412207.62
104387.66
43357.31
-2878.53
21005.25
119828.19
-164376.19
-182256.78
62862.60
-279760.19
-132545.00
211483.05
-123063.06
-7000.39
116070.84
-99073.22
-41461.62
279976.28
259512.70
118521.05
-242143.25
-130804.42
210296.56
460725.03
287105.84
78297.86
22088.24
-159450.05
-230516.52
172273.31
141212.70
-51178.68
-176997.66
75186.98
218058.19
266504.66
-106277.20
193536.67
102305.79
-259840.03
-36036.27
135549.11
157826.17
-139794.64
-400798.06
169248.23
-36419.62
-65013.99
114774.29
-30209.02
-344148.69
-225409.23
-174576.52
-59568.90
121660.45
279033.19
-20347.50
-237244.05
80213.34
404995.19
-25771.99
135042.45
-49450.39
207338.69
279913.59
-6743.16
41249.81
157663.66
-6586.30
31213.96
144237.59
142427.94
-21706.04
73879.35
-80251.88
-108008.95
-272569.97
-16541.51
126647.46
-3257.12
-303324.03
147390.55
-363436.84
18745.47
228262.38
-191230.08
-72163.63
-450079.28
10428.67
154999.42
-111033.22
194232.94
184421.30
216826.25
16470.17
176100.92
-421979.53
-211130.23
268959.56
273169.03
-209184.83
13066.33
-155069.75
80598.62
72231.52
-47208.93
164398.95
-50589.79
-325077.94
157254.97
330826.00
-268116.03
263877.84
-61332.51
-157762.78
145241.03
-172736.12
399430.06
-136244.73
-12711.91
62755.07
-42680.80
260346.50
-44987.58
221898.59
-129695.99
-386574.41
93987.45
-154944.16
-4699.81
93822.05
166983.39
-54424.14
-251280.77
249574.20
151777.81
-282660.38
-148486.67
-139768.41
23830.93
-257066.73
136631.41
166320.03
-105500.28
241424.28
-190079.81
173688.73
-105971.74
258917.78
-165594.25
-181157.12
-261259.56
-88265.79
147926.20
164452.50
-53714.30
76311.67
-258878.19
152648.03
298071.22
-218137.17
-362349.91
-209280.36
32878.50
-49102.17
101194.72
-125481.84
-267924.28
130066.52
120755.01
125150.32
-300873.84
-64372.38
-316275.38
79572.70
-103932.86
-26557.98
-27443.37
-241798.25
120241.07
-27671.62
11218.40
-114318.85
265064.03
-34010.94
153054.20
16754.68
27925.04
45750.75
222382.50
290988.09
-278886.62
-8152.69
137872.02
72203.30
156754.56
65485.61
-217563.31
-97305.51
84759.91
-162936.89
87110.76
151926.42
-410.58
55878.26
-68374.23
-71645.31
92691.50
-54056.48
-88866.28
-95006.91
59642.64
113206.00
-330856.72
310923.53
-133327.77
151434.12
49799.93
-52983.42
-215481.59
-19585.17
20643.48
255763.02
104511.64
-12302.57
-9339.71
-36122.16
136626.59
-148119.39
21451.75
6650.13
-291939.19
168700.95
-149003.73
-56571.50
-196475.25
-57099.03
-305432.41
261938.88
-228487.83
171795.20
165664.50
-49020.15
186933.80
102219.36
-212083.80
244115.06
83266.56
-134026.56
37085.96
12054.39
-217376.83
13817.60
-84274.99
232572.84
-30093.72
-14036.18
84007.10
-84586.95
113926.31
98777.93
-379704.38
-45427.07
52773.48
-129540.10
-137486.52
-57143.59
-39206.81
-102480.86
108362.56
-97011.18
22000.10
-158797.66
-107271.50
-291250.47
249896.72
-57016.97
95441.00
202816.89
-305952.41
-288935.16
-111085.93
-5178.89
-159402.36
192263.27
255864.91
-173383.27
8773.46
110146.85
197226.25
-200094.27
-121143.46
123706.64
5310.69
-322586.56
145162.61
-53559.32
-228743.80
81634.81
-230890.42
407954.50
45676.18
6818.10
-102035.90
192403.98
-156241.06
-10625.77
-177279.23
-11411.38
-237596.61
162265.80
128488.50
-326511.66
-273832.38
-8670.16
-126071.84
-1554.76
-59675.75
-70403.54
166770.02
-526226.50
-8256.03
50105.86
273012.12
80369.67
69515.06
245865.80
12893.86
282347.09
-33008.74
-209316.89
90397.73
261789.48
55669.71
141574.56
-214242.25
-118122.73
339115.09
169371.80
260230.84
195796.84
-8104.65
140692.39
-234656.45
21740.68
-170743.08
-252466.89
265651.84
-134318.56
-282789.19
144612.34
-224522.91
-160559.05
-179962.11
-55638.77
-12274.25
131931.48
214411.91
-189181.27
54381.64
-45964.25
-192131.73
37603.40
118978.67
43835.69
-74690.80
267001.19
276232.84
-178019.97
49467.74
-202993.77
-161746.33
-165179.22
234360.78
37916.73
-199040.08
-385329.06
18310.51
20598.83
92865.59
207482.53
136905.14
-112060.80
-73568.57
-194983.45
-85993.27
19811.19
66188.71
53465.05
-27237.70
-49293.32
-34831.43
264753.16
164142.53
-7491.73
-227128.88
265376.00
56461.76
-67233.42
-65113.01
-79718.43
859.79
-2005.71
119988.16
-6427.55
4577.13
-210139.66
143274.97
-103707.38
-207637.56
319794.12
7716.09
365090.59
-110813.89
-3535.85
262960.91
66463.03
114136.02
-10017.50
125493.73
236255.48
-140648.72
-409023.81
88252.55
-33673.84
-98007.15
112282.97
-134660.02
305438.97
-28011.29
-100582.86
273462.38
-230683.00
-123860.86
44547.43
-33151.30
-123247.09
142784.27
73964.76
-46653.74
-335489.28
5951.02
125219.58
228692.50
249535.06
-105286.82
-251505.11
85835.98
115207.72
-377134.88
-85892.04
-20100.26
-164965.64
-56849.12
-16581.09
149731.52
123881.59
104734.15
232782.61
-171312.36
-49319.41
84363.62
-29226.26
226877.05
-121270.16
-157750.50
49523.94
-274796.44
-151690.81
70251.87
53512.95
177304.91
-83744.58
119480.77
-391488.94
25184.52
-539638.81
-461669.19
104973.22
265504.75
234096.16
-3368.32
310214.38
247337.62
-292042.97
-422994.34
15395.76
-382493.44
-209282.03
-112408.86
145143.39
-40024.37
89190.32
48660.04
-21366.89
-5724.98
-236037.19
-50261.48
73630.98
163565.50
-182350.00
-219174.98
24058.04
36181.47
198388.50
-97495.34
-130437.84
-150815.38
-250491.95
-303092.66
-164176.70
-337091.34
175794.23
386989.81
-100013.30
163091.31
116165.59
128493.08
-240243.72
273504.50
-114024.70
-154964.47
-41017.73
-244326.22
-179071.11
50621.85
-8184.80
-111531.20
153554.64
-17631.30
-22831.53
64232.21
228029.83
-131074.16
-121934.63
229657.92
36173.79
77380.41
57778.92
-97272.94
247377.41
222553.09
-85704.63
410316.09
-23716.09
46088.46
97101.53
259040.19
185224.59
-173181.58
-252686.64
41151.25
50187.07
-66972.92
-88229.97
-248488.14
-32891.39
-46595.29
17206.78
-43395.08
-110539.46
-81895.86
29188.42
344997.22
187119.73
44721.20
-256678.14
205531.83
-108243.25
277144.34
-263795.22
235555.33
-199993.67
-251116.08
7848.27
5448.83
107486.72
195315.17
69871.45
6031.81
175086.95
37817.26
142870.23
262539.53
229143.12
17093.31
13530.63
61316.49
235779.16
-81792.77
-306490.38
-75487.16
-112404.09
282322.31
63945.72
-201980.94
-203023.19
13812.40
-41487.10
107295.50
-140694.33
39101.95
268588.59
423020.72
106917.77
-272506.06
112992.59
17343.14
-56290.64
16232.93
38228.52
-157857.56
-236204.28
-196995.52
-340978.16
-73298.28
243.84
160330.45
-50360.89
-93373.98
256764.66
-151463.23
11223.63
91887.84
-92353.88
38256.99
200181.09
463879.94
181056.94
-93494.61
-189651.86
177742.47
-8359.75
-345.24
19781.76
232770.58
64469.80
-125303.97
14779.24
372180.72
195481.09
-71377.02
-144309.88
167336.33
64576.05
202175.22
318195.91
-296216.06
154483.02
-157827.88
-222962.89
79875.22
-312816.28
-90316.91
-58787.96
-269871.97
115818.88
15958.76
123246.59
-114155.87
-140218.94
55759.37
-272333.91
-184320.25
-84204.63
80678.05
35093.78
-8416.52
199661.89
16829.04
-71128.27
127249.52
-91674.87
19654.36
66892.32
-137294.69
92057.61
25268.04
393754.75
30769.84
79331.86
-310522.53
102159.05
-177478.36
-142778.08
-253741.20
-47931.42
-104624.88
185319.09
53758.09
33630.60
-174455.16
-25296.31
-137677.70
-154962.44
11528.30
274764.56
110438.74
120698.01
-70511.56
108470.84
116041.00
78781.72
-157154.86
33548.86
460418.84
-133521.27
10192.02
-214070.11
5208.84
-34476.24
301192.78
-225380.55
37244.06
69862.70
-49053.12
317450.50
-61838.90
223520.67
-39433.18
-38778.35
243798.92
-264192.31
-60738.30
-525075.69
34777.91
142897.84
146537.75
22300.80
-132234.75
120090.77
64418.37
73339.63
-42471.69
-172647.42
252618.92
87407.41
299374.91
-390458.34
169694.78
-478520.59
-257927.34
108074.59
100538.22
54261.34
-206830.02
-48628.25
355994.88
-21399.15
176875.59
-107598.89
-292391.84
-248009.33
-333337.16
-228028.09
-51745.56
176954.33
-232736.42
-125779.00
7271.72
-45917.40
53465.38
-90198.19
-234147.30
63459.55
313212.97
-161949.62
-81051.28
86211.40
55836.23
-150322.78
-30625.92
54908.90
153357.38
86814.70
58827.34
-521920.09
-26017.97
-231242.17
237647.88
-57308.39
-263534.94
51621.24
69156.54
-283088.38
77917.69
-48318.27
187953.22
89638.45
-50588.47
-150476.92
279677.38
-356958.03
204741.33
160578.42
-22760.72
144150.89
-53955.18
219412.36
124459.82
-192125.72
208496.80
-15822.02
154697.00
148010.34
229947.83
-118284.08
-5438.57
189709.45
122613.35
69191.52
-40607.54
-6720.70
197764.33
73544.38
-14344.39
-172766.47
-35406.92
214423.38
-270528.06
92855.85
-14021.50
16788.90
-44380.79
-46147.72
116361.13
-286560.31
104974.54
-126531.49
-268695.84
17336.02
-141437.70
-93318.25
-165166.64
129130.03
-64632.72
-81144.44
103177.91
-108122.20
-153633.64
149651.23
-88961.13
-27517.19
-131137.45
140769.45
41678.50
-63060.13
106577.20
-310237.88
218520.44
-69707.57
112486.73
-43485.18
-108670.23
15790.87
210906.08
43770.26
-298859.47
127540.91
141138.62
44059.89
313619.56
-71842.95
230693.03
-268945.19
-79314.76
-530404.12
212920.30
-311902.59
111342.91
122919.87
240021.38
202506.50
-83785.96
-178698.47
-388827.62
135958.53
77910.23
322587.09
-24349.10
-42084.48
-105811.08
-210967.61
35792.99
-465413.53
317928.69
200761.38
89285.35
-97022.93
33385.62
-9528.10
-285294.22
358.82
-345355.53
35891.14
-140635.38
369238.34
-106264.39
-93026.55
180198.22
215290.19
397912.47
107333.77
165706.14
60325.82
211834.41
251782.27
9526.18
24578.73
-113899.46
33712.59
222655.20
-575711.62
32695.87
-252760.22
-2080.69
106866.02
166154.58
-119143.63
-107463.51
216579.50
179585.03
-269235.06
53736.83
4711.90
216656.53
58397.08
-279435.16
-399374.31
95623.59
62996.83
42457.83
268195.50
-37577.23
-51156.06
-101420.02
120556.86
-71194.49
54588.13
83525.84
-260751.72
-50673.46
-10146.60
-34906.20
292028.91
-3178.35
-57341.10
276736.28
-32415.04
-121094.67
90776.89
51142.47
