-70719.46
-53583.91
-258988.23
-134007.89
52532.32
-234541.73
-168540.17
-60851.84
-2857.71
252651.00
-219395.33
-258071.00
-224413.84
-110334.22
85783.77
115172.83
159453.66
23090.25
21937.95
202767.98
64358.17
14021.80
97476.82
341352.00
7024.44
-266361.22
-37814.20
-77295.92
-208426.27
-113334.07
228560.50
-221421.75
74408.95
438477.12
-334730.44
97631.23
-411559.75
-121796.77
224537.17
-169733.16
-767.25
164609.44
-205221.25
148679.20
-94460.35
-178431.30
-3305.10
71783.16
170892.06
-70404.55
161047.31
101005.39
-193282.80
-452111.47
-109390.99
96838.88
252.22
-120990.34
40275.75
68067.52
87346.40
-367000.38
271390.84
180156.84
-34534.31
-339304.12
-13964.76
-54830.88
39011.99
146200.81
114947.95
34148.35
-637271.44
438591.47
119152.16
35391.57
-271297.41
262158.91
35125.00
-34362.11
143973.45
389539.41
-77398.00
366606.69
87553.59
-47989.96
-275842.78
152095.33
208684.97
114381.70
95042.09
3849.80
208662.78
174952.27
-122189.11
-77.65
-10506.42
475685.91
-187404.98
-155260.59
223202.36
182131.84
11813.94
-93249.48
-206274.39
284737.69
556145.06
17611.72
-80658.36
95446.31
193731.75
-158043.59
-300296.97
241043.81
-249594.47
371402.84
-240465.48
-237462.19
-179654.53
28401.97
125231.18
-82623.52
70525.09
206544.14
22915.14
212284.23
-209617.66
347012.50
99812.91
-198468.05
22628.90
79524.33
-107656.08
-386276.12
81368.50
65074.99
-245604.91
-19334.47
-49008.77
-312369.69
-188904.28
-184807.95
-220105.92
-56300.75
-191216.78
-360786.75
34918.46
-133610.55
19785.30
-150752.84
-203625.47
468369.00
74306.92
-7585.11
-165358.42
-75615.24
16965.09
-170918.83
-27090.30
17534.40
-171881.92
-47883.09
-254294.00
89226.97
-304851.53
-49367.46
421973.69
36047.48
-160085.72
15050.17
64529.30
-83505.77
229862.27
-32160.83
-55252.18
44019.05
-4127.56
89951.32
240479.17
-31203.43
32730.32
17991.80
-335345.00
-20116.07
115064.73
-103157.26
41937.45
-10945.63
172268.08
-39274.41
36476.51
2905.56
-123412.12
-181593.05
-14327.71
70126.59
-23105.86
139932.25
38418.34
44498.51
292516.22
-142210.67
34104.48
-409063.97
24209.00
-40715.69
-164996.23
-29990.28
-12674.96
-159555.72
-43284.85
-79507.02
-45429.64
36066.41
-192041.16
-58703.47
-16283.72
193888.39
-241994.27
14829.11
204697.45
-91011.29
-192563.34
-28428.54
171321.14
231558.41
105994.36
-86000.73
-195507.16
-28502.08
4544.49
-115768.83
50796.16
-180699.02
61646.54
-230801.28
-105540.80
62164.24
189624.05
251814.22
17208.21
226017.00
-128492.04
127845.38
200859.92
228752.12
-60652.13
70015.17
-14794.29
-32697.72
378891.25
120488.91
-54697.79
-198686.27
-29311.52
120551.33
-383219.06
-119689.92
-326138.62
-58668.27
128893.12
125750.48
155884.69
-494245.34
-30837.53
5513.50
-67343.59
-56015.79
192052.47
34324.48
-167015.16
60203.96
-526630.75
-341686.56
-316029.50
211951.97
-109615.61
-281048.62
309568.09
-111997.98
22130.59
-129914.38
-384347.19
-222847.30
164043.19
-22889.87
97631.60
98554.82
179548.88
-5516.29
-282973.66
63020.88
85501.88
94576.33
47062.04
-93304.60
57530.69
157832.72
-94663.56
201957.69
208764.77
156765.48
117890.06
68812.20
22575.49
-8114.06
-44690.50
424265.78
183918.31
-119175.14
49908.09
332587.19
-201789.00
28227.27
-91792.76
-195960.41
13379.50
31918.99
205997.25
289538.94
223974.52
95211.92
270286.94
-15673.90
154691.14
177537.16
273333.47
-237688.23
-136555.08
296326.91
98337.01
-568643.31
45409.38
-110486.34
-537123.44
2772.34
-44724.14
-68902.57
116149.21
204655.75
103434.84
-368616.41
-122531.01
32047.61
-80975.43
163072.44
263759.44
-183822.69
-203405.69
41955.42
36337.29
-133917.62
-97621.77
135573.55
308812.34
-25948.91
217929.36
145801.00
-92237.09
260151.64
276383.31
-174307.47
74244.99
-2965.67
164255.16
18429.01
24274.50
-3068.49
332339.66
-21296.14
97182.53
294508.53
-22248.60
-10793.62
35649.86
-86963.98
112401.84
364301.78
-399072.19
-109810.96
-170022.33
-87476.13
5412.66
-38875.09
78695.30
-17407.98
65672.93
-132080.58
-443632.09
214067.03
-154505.78
-383584.97
-239844.44
-286158.47
453597.25
199095.58
179396.25
245832.45
26025.62
200952.09
426649.12
-590973.12
-338677.59
314754.22
12151.85
-304782.03
-12986.35
294778.22
-242534.94
35473.72
222053.75
-471.11
-100704.84
-304381.31
-217946.75
-67575.85
-11795.80
75439.65
287365.34
398028.75
-458021.97
-179116.84
130222.39
565407.25
332482.44
23824.20
-182501.70
-107073.41
115476.27
119115.79
190579.70
-146148.80
128631.16
222201.02
125032.06
-260427.12
-75655.05
-166527.47
48773.20
97461.87
-2323.14
-61625.69
-98234.63
12130.52
198646.14
-397045.72
-83160.23
101325.80
-179392.39
-451724.19
-238379.09
-130487.51
-200602.75
97600.23
37736.21
-116717.69
169677.61
-368859.00
-407162.06
-331352.22
112079.66
38730.72
-407234.59
-30780.04
435420.56
-156069.17
55066.32
337876.97
-273261.31
29191.45
92826.48
106814.01
226648.62
256677.00
-39351.92
-346397.97
-209734.92
78304.31
-33593.43
-107466.82
23820.74
252225.02
-143113.84
211823.56
-18078.05
113388.57
240426.95
120416.65
-69201.00
-43150.92
493526.41
-71345.61
55194.75
-50758.54
-30954.32
266320.03
18781.28
-414461.97
186614.38
-177411.88
-65803.92
-131745.31
-439454.47
109694.09
119058.74
-174602.14
56764.81
219769.38
233375.73
-250841.16
-133690.34
-325577.22
-35028.46
-93506.15
-209998.23
349865.81
-89265.30
-159647.81
156936.33
29614.35
-245840.80
-145654.77
142404.12
32523.49
70759.50
-236929.81
84042.45
-113029.93
3596.33
-169538.31
47708.88
459962.72
96127.09
10522.02
59605.25
79122.80
-220876.48
374798.19
74169.12
7255.13
40302.05
534497.69
-76466.62
-25861.47
-116334.25
203871.70
-14266.48
334523.69
-15900.61
519082.59
-546633.31
-389239.25
126262.12
166000.81
16403.75
-119232.88
-120854.81
-211023.83
-279468.56
94722.35
-283810.56
309356.03
47668.19
-228610.39
39301.03
-95949.69
4084.14
-122899.02
-282764.47
-269810.06
-89326.02
-114062.85
-92317.59
-109479.59
-362103.66
190103.78
145871.47
145829.34
-176243.03
-81117.82
47223.61
295776.16
-201240.06
98267.58
-79323.41
103027.03
242350.64
-73358.88
-113953.44
116827.84
255896.27
-8093.02
269485.97
-249501.86
-134396.56
-55786.25
63080.30
-143572.62
41556.29
86148.62
37401.61
344595.44
269890.78
-47240.25
-92031.06
141629.64
81709.84
-44724.50
118243.23
-292743.41
-97835.30
149160.02
357934.28
-35998.36
-232811.95
-332079.22
-259341.42
257971.69
-155545.91
-97885.03
-90141.80
-90636.95
-314387.84
-70548.85
49818.95
139144.98
53199.64
23707.78
59727.28
25936.28
11288.83
-335308.50
25820.16
-20275.86
-151039.11
146252.56
31595.14
-62349.91
92322.92
-184147.12
-83451.59
192852.31
-419916.50
-16182.44
303311.28
583611.06
-304593.44
107130.41
58375.84
-182062.36
256203.94
20883.08
-238307.02
309350.62
-57602.80
183101.98
377826.34
102887.52
177120.20
-192557.39
99455.96
132678.92
-172948.66
-220434.02
61383.32
-169987.17
-26262.38
92372.70
-231280.61
19568.33
-81138.29
287697.88
-230052.48
-220936.00
74562.97
84062.79
-285631.84
-98708.21
179295.73
-259658.28
-242734.36
39669.73
-362142.72
-38471.85
178639.80
-84801.97
124337.73
-90817.69
-152865.80
-146734.55
-393668.84
-31950.22
-260653.25
3277.22
-169533.61
5915.15
-61989.60
-145252.02
-174316.08
-86416.53
-165803.62
176530.22
50588.01
155068.61
-107833.43
-103728.09
99744.09
-162280.78
-90855.12
-26032.38
-9013.00
127315.60
156138.70
-86550.28
-366530.81
-44914.03
-141531.73
251706.56
334512.34
269701.44
164957.89
-13296.33
196669.45
73602.62
219524.30
49755.83
310598.16
407993.19
220514.77
154382.62
-174671.53
25478.92
-126274.68
223101.12
26762.01
-168950.36
-223289.92
-81231.26
102580.83
-52178.61
164964.78
79137.81
411209.12
80708.06
-34602.64
59118.68
385301.78
-150921.78
-267374.75
328701.78
50720.40
-133693.55
-64870.76
39457.35
-94393.38
-421483.88
379314.97
376205.34
37216.34
159166.48
158457.62
-119649.73
88827.77
211759.77
-87872.14
-564201.25
-108908.22
145693.38
240253.27
-374810.69
487230.06
-29989.79
-51882.53
-17202.02
-230474.67
82219.34
-277350.84
275097.41
10351.76
-240675.70
83573.12
-228372.62
247219.66
-297196.53
-122869.29
22617.98
198104.31
-72942.02
278482.81
-93415.61
84140.80
127876.54
-186494.12
-133903.36
76697.95
375273.72
36009.04
83762.03
120861.88
148195.70
233183.83
109916.00
140374.34
-42377.47
-212667.45
-171438.17
-101496.45
-342606.88
150887.55
90633.50
-262566.22
101537.27
109950.91
77706.55
288409.19
88752.09
143500.44
-284113.44
59642.53
24632.21
63949.38
253022.62
-33503.57
68834.38
-120885.58
141952.95
147851.02
-273187.03
-51061.84
254231.61
86264.55
-292140.06
-217011.45
-275609.16
71635.95
-163964.11
80837.51
-223974.73
-60523.95
-246334.92
167097.11
30286.57
102526.55
-35808.04
261967.56
11197.93
-503054.81
-85446.30
24136.32
93801.15
-105030.64
-28380.49
-84298.80
-182657.88
216634.53
53411.50
185264.25
68851.33
54011.17
69005.28
-84698.12
37490.02
25102.42
-30904.38
-198106.19
151608.42
233382.44
88330.66
-237826.70
112205.80
-125275.38
-206102.31
-174788.73
63471.55
-63290.33
161481.48
-380655.97
284095.31
-35244.14
-288860.75
98773.84
-254631.11
-68794.40
-113969.90
-100545.62
-245046.47
128910.75
-73876.12
-419440.16
267757.91
-256071.17
-142759.25
-16933.25
-154380.73
-72524.11
100590.01
55869.14
98837.53
-180589.89
-30932.98
371039.91
6416.72
147480.30
102313.24
-18690.29
59876.17
-441918.59
-497409.16
-395635.62
-237891.48
368455.59
53236.57
67884.37
349806.50
415192.16
185399.30
12116.79
139436.91
275704.41
92761.96
-202613.59
13244.31
27799.04
-152171.39
121998.30
-16645.85
-342138.34
-217800.12
-4118.55
105120.46
150165.30
-24004.52
178829.77
173217.17
-87295.20
-359014.47
453228.28
95612.18
132480.81
10636.73
207830.33
-13655.83
-334344.25
-224241.58
141254.64
204944.34
108923.59
-128783.87
239674.67
-83057.79
-62571.20
-281288.16
35051.78
26457.37
238943.73
-190223.48
-107321.52
115824.84
-154919.22
26975.14
-83594.52
-213159.70
255203.67
149743.72
361448.88
65945.05
-73683.54
207619.69
237203.09
-21572.27
130216.99
-83904.91
-91209.19
-20640.88
128421.98
-278026.53
-33659.42
-215915.08
-375492.47
-469468.12
274067.53
9977.82
30345.94
-216393.09
46252.09
-151775.38
-6912.97
-59542.32
134021.70
-180279.36
-60079.18
113718.70
-170130.41
42778.00
-37331.47
-117044.54
132794.66
